376175	3
374733	3
374243	3
353968	3
372519	3
361541	3
353315	3
376056	3
362577	3
362206	3
362017	3
354821	3
374574	3
357804	3
362297	3
372844	3
371184	3
377442	3
370620	3
364969	3
376101	3
364902	3
369791	3
360001	3
354255	3
365789	3
357718	3
357295	3
376891	3
354334	3
368493	3
357473	3
368510	3
361688	3
375127	3
376914	3
373885	3
363352	3
371070	3
376841	3
361136	3
362955	3
354529	3
353188	3
368045	3
354058	3
354287	3
364670	3
365821	3
363750	3
361065	5
358863	5
365728	5
364436	5
375049	5
357206	5
359383	5
358597	5
355284	5
364574	5
373765	5
372789	5
367024	5
376739	5
355862	5
356431	5
365638	5
375007	5
354301	5
374500	5
358262	5
366845	5
372381	5
355980	5
376915	5
372241	5
361041	5
364889	5
364452	5
371445	5
370261	5
364242	5
356556	5
372690	5
373159	5
373685	5
374675	5
354403	5
360842	5
354691	5
353360	5
372933	5
376632	5
360118	5
361269	5
371287	5
365228	5
363912	5
362583	5
374715	5
376549	5
361984	5
375955	5
368758	5
360951	5
357864	5
352555	5
371357	5
363942	5
359376	5
371902	5
361674	5
370102	5
353170	5
367777	5
365626	5
368671	5
354431	5
361284	5
356286	5
369992	5
356825	5
360701	5
363886	5
359778	5
374899	5
356801	5
376688	5
376672	5
355684	5
360257	5
364534	5
376630	5
353824	5
366953	5
374083	5
370931	5
375418	5
371008	5
361435	5
361028	5
375403	5
374271	5
376863	5
359990	5
375629	5
361027	5
355888	5
367017	5
372300	5
375942	5
377880	5
353866	5
357294	5
376699	5
362174	5
377964	5
366702	5
374185	5
369919	5
371848	5
359971	5
355430	5
369597	5
367391	5
371396	5
357940	5
367092	5
357174	5
371105	5
369405	5
360814	5
377671	5
365262	5
356611	5
355641	5
365674	5
361162	5
366274	5
353883	5
356604	5
374211	5
355785	5
368725	5
356205	5
352318	5
354349	5
365928	5
357710	5
356484	5
355885	5
369226	5
354218	5
369111	5
372141	5
363842	5
375106	5
377670	5
362590	5
377109	5
