357295	3	2
361240	3	2
359567	3	4
376123	3	2
366464	3	4
368493	3	2
377612	3	4
362798	3	3
356740	3	4
360001	3	4
362297	3	3
354821	3	2
359516	3	2
375698	3	3
364390	3	3
358681	3	3
369791	3	2
361541	3	2
357073	3	2
366350	3	4
354334	3	4
368510	3	2
372074	3	2
364670	3	2
361688	3	3
375127	3	2
371242	3	3
376056	3	3
362577	3	2
353827	3	2
368074	3	2
378168	3	2
369781	3	2
366364	3	4
367574	3	3
374574	3	3
368045	3	2
366041	3	-11
373885	3	2
356202	3	3
377019	3	2
363352	3	3
364902	3	2
375115	3	2
357718	3	2
353315	3	3
353449	3	4
366391	3	-11
376101	3	3
376841	3	2
354380	5	-10
366013	5	4
370988	5	4
359072	5	-11
371528	5	-10
375699	5	-10
369253	5	4
358088	5	-6
359079	5	4
373246	5	-7
352934	5	-6
370453	5	-6
375863	5	2
360607	5	4
365545	5	4
370287	5	-11
359139	5	4
357228	5	4
369425	5	4
375769	5	2
360703	5	2
368325	5	-5
362702	5	-7
377801	5	-7
353868	5	-7
358361	5	-10
357690	5	4
359784	5	-5
359110	5	4
364963	5	-1
361006	5	-6
358766	5	-10
355411	5	4
371250	5	-5
358161	5	-5
355753	5	4
373176	5	3
373557	5	4
366119	5	-5
372324	5	4
371642	5	-10
357415	5	-7
370477	5	4
364882	5	2
368852	5	-9
366068	5	2
353807	5	2
356436	5	4
378200	5	-5
364967	5	4
369101	5	-7
359832	5	-5
354956	5	4
372462	5	-7
352629	5	2
375677	5	4
377465	5	4
356894	5	3
352532	5	-6
359330	5	2
366234	5	-5
353995	5	-11
374199	5	-7
354238	5	4
372797	5	-6
372327	5	-11
358511	5	-9
360627	5	4
357645	5	-7
373695	5	2
359340	5	3
363793	5	-5
378092	5	2
366369	5	-7
364805	5	3
373982	5	4
377846	5	4
372661	5	-7
367035	5	4
373097	5	3
360015	5	4
365655	5	-10
353533	5	-5
359533	5	4
362174	5	3
368382	5	-11
377960	5	-10
367102	5	-1
354216	5	4
356355	5	2
354224	5	2
370639	5	4
356599	5	4
357092	5	-7
365798	5	4
359757	5	-6
365946	5	-7
359454	5	-10
376465	5	-9
375504	5	-5
356308	5	4
370920	5	-1
363653	5	4
374237	5	4
373699	5	4
359419	5	3
370384	5	3
361944	5	2
378174	5	-10
366696	5	4
364650	5	-1
364810	5	-5
360585	5	2
353357	5	-10
376180	5	4
375906	5	4
365225	5	-9
363118	5	-11
363796	5	4
365168	5	4
374178	5	-6
353395	5	-7
369879	5	-5
372265	5	2
365368	5	4
360406	5	-7
372357	5	-5
362992	5	-6
353343	5	-5
360825	5	-10
368795	5	-7
353004	5	2
363845	5	-5
368754	5	-6
371795	5	-11
360392	5	-6
377372	5	-7
363181	5	4
370507	5	-6
367748	5	-10
373548	5	2
353969	5	-7
372015	5	-10
372028	5	4
375497	5	-1
371864	5	-5
358928	5	2
359367	5	4
376341	5	-5
373009	5	-11
