29940	张磊	13756956251	220102198202013332
29946	巫锡坤	18965156057	350424198906010811
29949	陈啟强	13016240752	469007199505057619
29950	宋福生	15540180182	152322199503183233
29960	李佳蔓	18213554943	53010219911008072x
29968	魏洪亮	18253987256	371326198707202812
29976	丁瑞	17780703220	510181199007151018
29988	蒋忠成	15200330771	431102199105041037
29995	张斯瑶	15330778191	220221199411260048
29996	周建波	13773048139	34240119890815761X
29997	吴家明	18268239600	330723199501075378
29998	张颍	15717167830	420984199112015617
29999	朱雪飞	15157834865	332527199310044727
30000	李辉	18685321050	522723198412260216
30001	戴海天	15618342409	33102319941108701X
30003	姚元涛	13595531000	522625198607290033
30013	李辉	18685321050	522723198412260216
30022	徐军生	15061593364	341226198905162937
30023	许兵帅	13162768535	410922198909010316
30043	隋晗光	18686652331	220183199108296471
30051	梁轶辉	13698969554	460103199102180032
30054	刘晴芳	18172830085	362424198808014425
30062	赵磊	18782426272	620123198010167915
30064	明正忠	13558230817	450321198606091030
30066	隋媛媛	15712391007	21021119960605002X
30070	寒旭	18947287795	150203198706050333
30078	姚羽时	18204062273	210114199505040029
30085	黄骏	13588457355	330821199006181133
30086	陈死啦	17751771776	320923199510121224
30090	刘晓泽	13532350730	430423198606025513
30092	吴琪	17603609440	230102198311112841
30095	苟蜀国	15882387882	513721199104054593
30097	陆海霞	15878749961	452501198712280246
30105	姜飞	18107120328	420982198903280639
30106	李磊	15589579052	370685199009220618
30109	黄皓	13990203002	510682198809150219
30112	邓杰文	13778024324	510125199308310034
30115	杨昌	18872630968	433130199503022314
30123	王淞	18643777753	220403199305123910
30133	宁思杰	18322920830	362203198808300031
30138	刘乐	13604123255	210303198608241613
30140	周宫宇	18224486644	510124199009160455
30151	周强	18605675151	342201198710011235
30161	黄萍	18670466698	431126198905166029
30169	冉仲杰	13227459555	422828198408176218
30171	刘昌来	18098999460	422801198609202814
30172	肖潇	15000038386	452226199206280310
30179	尹伟	15273045105	430623199110204257
30181	吴梦凡	18252589278	320621199608200917
30184	彭雷	18110661778	342524199410090037
30189	赵翔	18607184204	421023199008238799
30193	吴叶暄	15948618160	220103199504264525
30199	王旭	15239035183	410802198712140132
30201	陈渝	13791990388	500236198703224679
30205	徐成栋	18949677593	34252919930511641X
30208	陈捷	18577204034	450202198403020035
30209	邵帅	18827422752	42010619870427405X
30210	刘晓桐	13074381737	220103199608101683
30214	刘鹏	13265645097	420984198609071759
30217	卢鑫	18740082925	210726199103200016
30219	李健荣	18566401181	440684199111205010
30220	潘宇泉	13925414449	440682198511146016
30221	张茜	13961188424	14242719930324632X
30223	马飞	18161206803	642226199307021452
30226	蔡迪涛	13109595406	612430198808101915
30232	江明	18653168862	370784198303157618
30242	章云云	13022616881	330501199007193484
30248	冯慧卓	18404506323	230102198206123223
30250	林涛	15882986035	513030198409061616
30256	王尧	18601958855	350824199008030032
30262	李秋文	15169059197	370123198707276220
30264	郭佳欣	18340860803	210921199508036129
30265	冷一平	15169392293	210802198303130016
30273	武燕	13994215532	140108198411133224
30275	苗健	15504067000	210703198603072031
30276	陈凯	13533553588	445224198408083634
30278	杨志超	13582780669	131081198806190611
30285	叶名枝	13965002904	342601199306302715
30291	李光晟	15636885644	230381199209236312
30294	吴华婷	15766507511	440883199312085021
30295	邱大平	13510179052	362428198509030615
30296	李喜庆	15553305988	370302198409286315
30298	吴哲西	18782703694	513722199102120012
30299	李晨	13907006969	360103198211272712
30309	徐柳君	13074028576	340824198701177618
30313	陈曦	15198201200	511623199410155769
30319	徐柯	18073918308	430528199210250038
30323	钱栋梁	18021386161	320682199408252635
30324	冯慧卓	18404506323	230102198206123223
30327	蔡伟儒	13697593343	460033198805120018
30330	陈浩	13624533332	231025199010140333
30340	何易	13656895200	331002198403121031
30341	吴志庭	13960002235	350322198406293810
30347	周斌	13507103003	420122198003230011
30349	徐坚	13667305088	430105198711157412
30351	栾帅	13044789662	412702198606241059
30354	陈廷旺	13049143280	431022198911110012
30355	曹洋	15375241833	34040319841227061X
30367	董莹	13546238222	142433199403200043
30370	张先民	13786159951	430623198308224814
30372	杨浩	13476025771	42011219930114181X
30373	邓洋	13647309093	430626198905121417
30375	沙鹏程	15295026775	320826199005162037
30377	金鑫	18599231578	659001198807061210
30379	崔宏志	13083494126	232326198812022338
30380	王立强	13859493209	350783199410207013
30382	辛栢慧	18624333029	210104199505291423
30385	汪添	18172915229	360430199511180633
30392	孙剑	18620309540	330922199108053011
30394	黎健	15677568673	450403198602271512
30399	陈礼金	13929696102	440509198512016018
30400	刘嫒嫒	15269375108	370302199201073622
30406	张冀方	15997464860	420113198205120017
30411	李铭阳	15683733370	500221199506113611
30413	郭珈希	15604265570	210411199002273223
30416	吴清风	18825161616	440921199204078402
30420	林洋	15604544577	230803198802070310
30424	丁航	15708482534	511528199401300035
30429	王子嫣	18669335157	371081199007095027
30431	王子玺	15136419875	320586199402269217
30432	柯方健	17806215850	342901199312162276
30436	林毓颖	15960843066	350681199210095792
30444	姚贺文	18666064426	441521198802078538
30446	梁叶婷	13910973071	350784198501060020
30448	张世帝	17746579597	211102199508050519
30453	张进锋	18972102076	420117199603050835
30459	周星	13739249048	340823198612247016
30462	许田	13101135075	500107199005127713
30468	朱日出	18361676688	320924199004014393
30480	田勇	18137615138	411522198508255733
30486	何小强	15060693261	35018119901121187X
30495	蒋小玲	15546195116	232126199308092728
30504	陈帅	13733951766	411123198710020035
30510	罗龙	13340144440	362401198408121534
30518	范思明	13679617281	511123198909013370
30525	倪国楷	13813856916	320923198102090057
30536	王智坤	15983356647	511102199407127717
30557	陈晓飞	18530991046	410324199104261438
30558	刘佳源	18227350000	511322198602181032
30559	仝亚萍	18254597031	372324199201053242
30564	黄志彬	13861352793	320683198107226013
30566	王琦	13155713687	360421199207186620
30567	梁爽	15238641017	410122198908270024
30571	袁野	13986868789	422828198004160017
30572	王慧	13621641692	310108198209051024
30574	李艳	15145901921	230506198802240028
30575	余汶壕	13783425125	500231199410307596
30579	陆锋	18921976210	32058219890626601X
30588	赵飞	18077374766	210726198912024919
30589	王志远	18652038491	320922198905100830
30591	刘薇	13926007706	440102198108233241
30593	常成	15143045572	220103199001152732
30607	刘译繁	13700120581	21032319920722541X
30614	张东帅	15346137151	410825198302097017
30620	陈宇晟	18862785999	320623199006210053
30623	陈伟	18683613708	510124198602210017
30630	程海	18302590504	522426199309296234
30632	方鹏	18380424574	510105199402113779
30644	时晨	18681501215	320705198912150054
30648	叶振岳	15862315556	620105198107122016
30651	陈圆	13022616881	330522199403260425
30653	赵倖	15924888867	530302199505230033
30655	郑文	18038983000	44092319840323375X
30656	杜婷婷	15339632040	622727199012102669
30657	董晓燕	13122975893	310110199101291022
30669	牛正浩	18623798029	410304199302011039
30672	张南阳	15940330101	21010419860804093X
30676	阮国晏	17771644253	422326199407086119
30680	琚立伟	15333916907	410881198406251518
30689	汪维晟	18656402520	342427199111010037
30690	李京	13484613723	610103198407232829
30692	韩飞飞	15996422360	32062119850401121X
30698	蒋能	15877039310	45032419880624191x
30702	金燕	18443339995	222424199401010020
30704	杨阳	13345628860	340702198511280549
30712	梁曾健	18677183240	452226198511263336
30716	袁皓	13470861601	342422198207250135
30717	沈莉	15879003947	360111198411080942
30718	赵磊	15065829518	370923198308160937
30722	张传顺	18205316080	371202198606090819
30724	杨岗	13697328750	429001198707035178
30726	张朋	15086992796	500382199604131133
30731	鲜耀民	18380117232	513002199005050610
30733	王妍	15959023349	352202198802020065
30736	姚丽丽	15764328874	370883199503254424
31038	张源	13184224744	330106199601262710
31041	杨明伟	15918658733	440883198802191439
31043	张源	15695882922	330106199601262710
31052	刘群	15234076444	140106199105290629
31055	李嘉俊	15013258885	440105198309144818
31067	刘海龙	13787128207	430124198504234971
31068	张博	13572313484	610523199501253011
31076	黄海峰	18033328770	440232198603270019
31078	陆锐坤	13202048102	440112199512260337
31080	张鑫	18366987008	142202199111100870
31086	赵越	15982382508	511521198805242522
31394	吴小辉	13648091108	511303198609235815
31399	贺紫璇	13308207034	510123199207270026
31401	陈俊江	13788177198	450721198505160019
31410	钟林海	18573172183	430522199503220010
31413	潘莹	18904023825	210111198408063815
31430	刘琳洁	13821329099	120103198208223261
31434	刘丽婷	13970629004	36240119960416152X
31435	许楠	18245990077	230602198402121046
31442	李振杰	15837271558	410521198806128516
31451	乔楠	15640222533	210103198502255418
31452	俞清	18912897779	320684198709166691
31453	韩涛	15200710510	431124199505066119
31454	陈峰	13795570848	510322198301010052
31458	周俊宏	18870936285	362301198703010014
31467	董文宇	13847602067	150426199407232372
31470	靳乐乐	18172181118	452223198210020016
31477	梁晋源	18870220313	360481199409113610
31484	陈珏	18116131103	310109198211031520
31498	龚科语	18908320635	500243198711040216
31500	高峰	18604694884	230502198704091334
31503	倪牧清	18256089696	340122198511288156
31511	黄宏星	18692015937	430203199107214019
31513	刘雪姣	15953350740	372330198903131869
31517	白子豪	18113054811	513701199604142615
31527	李贤哲	18185965913	522321198911300230
31530	李洪秀	13959065149	350821198908172729
31534	徐明燕	18185000996	520113198906102026
31536	周子豪	13940884068	430921199509180019
31537	王贤炯	18270683152	360421198810263817
31541	沈鑫	18283342247	510321199411104787
31543	杨境	18152708269	431202198202220425
31549	秦川	13437145163	420106198910261276
31551	白雪	15947714016	150428199305276027
31553	施园	15106203116	320681199008027010
31554	付鑫宇	18249419456	230523198503020419
31555	刘洋	15936243977	410182199203190316
31559	王文龙	15759763929	350583199611075431
31560	于婷婷	18245999912	232302198906140449
31563	蓝伟	18507719314	45273119870218601X
31565	魏天化	13471520566	45010319831027001X
31567	屈直	13379275207	61042419870108081x
31574	屠玉杰	13612004962	120104199111122537
31577	陈嘉聪	18038800086	440681198811225932
31587	李家宁	13249348571	130481199304022111
31588	陈瑞熙	15060739563	350702198706207132
31589	田思琪	13039999247	230121199304180217
31590	林耀基	13422559330	440782198306255016
31592	陈云燕	13590418179	440982198509304069
31595	朱祎	15365518889	320682198603185437
31598	田豪	13593142203	141122199510230014
31601	杨昌	18819158984	433130199503022314
31604	欧阳宁	18207844885	452402199312151811
31606	李玉娇	15008981707	530125198907120020
31607	王栋	15251053001	320924199302203416
31609	朱映静	18668132252	332526199004010020
31611	柯咏咏	18625156667	360423198911271026
31617	郭腾清	18274985465	431027198811113613
31634	李广文	13727093326	44040219850115911X
31640	胡强	18551729661	321102198306230416
31651	李昊	15846360069	230108199503201016
31655	梁晋源	18870220313	360481199409113610
31657	王斌	15904875236	150304199210271534
31658	马俊杰	18687828538	530129199111110038
31664	张浩	15826887366	42900419810122255X
31666	吴贤达	13527408957	340223198610318113
31672	马嘉伟	15671562120	142301199502153733
31676	侯丽星	13693407850	511302198706070315
31677	陈伟	18683613708	510124198602210017
31678	官旭	18086868676	510302199102132013
31680	李云龙	15541188016	210203198903214778
31681	郑竞超	15602550185	440785198808120057
31685	朱江飞	15803898925	410721198704063572
31686	杜东旭	13151327238	320882199002103470
31688	于洋	13407887631	230722198707010719
31695	赵长文	18669281024	51138119911202643X
31696	张君	15220219558	430525198509204534
31707	韦祖安	18577237774	452226198711024217
31710	朱锋	13285901622	350881199207161518
31716	朱纯子	13723880663	43011119880716290X
31718	朱净子	13607443441	430111198807162926
31721	雷雨果	18609154372	612429198703250011
31725	刘丽婷	13970629004	36240119960416152X
31728	邓振坚	13570333950	440881198410102772
31734	吉华祥	18751420825	320911199104034955
31737	韦暑彬	15778817718	45272819970322001X
31740	肖斯达	13502771100	440509198411220036
31742	吴才福	13480010311	360782199001181516
31747	蒋坤	15828263724	510107198912085817
31750	黄韵霏	18804153422	21062419950811824x
31754	张新冬	18615298617	120109198404016516
31762	汪丹	15105954207	340803199407112322
31764	尹志祥	18274674130	431128199308293713
32090	王斌	18947951954	152823198908234018
32115	陈泽锋	18767518795	330683198902226639
32116	董宸兴	18832935575	130503199311030327
32119	徐志铭	13584836824	320504198411273016
32121	牛健	18654321945	37232119930829221X
32128	王可喜	18611654595	430524199210197438
32129	李颢	18723947475	50024219951013445X
32130	龙椅藤	18818822118	44018319910629211X
32136	高超	18435110852	14022219930601401x
32140	郑森豪	18692048899	430481199211120098
32145	肖胜武	13888419763	513124198203100171
32147	林文伟	13660361362	441522199301110617
32151	章华	18950581739	352201198407143632
32154	杨运河	18602025229	441423198709070416
32161	马云	13773429023	321023198709225263
32163	曹耀珈	13657609491	500382199409198973
32172	楼武斌	13918546581	330281199506211013
32177	任蔚聪	18180742880	510129198606250050
32178	郑新宇	15771366389	150426199411020516
32179	陶金	18629657086	642224198611100019
32202	张扬	15692890731	510121198702080097
32212	匡令刚	13869105096	372929198410105459
32218	苏俊	13987671652	530102198108152726
32227	唐培倜	15102828184	620102199208205852
32229	贺露超	18874771230	43078119920426003X
32231	董超	18173277199	430304198905303056
32232	谭鸿志	13896663028	500102198702230250
32236	张学良	17603201632	130121198503171614
32243	常博理	17839167031	411282199511305011
32257	刘恋	15764333700	220104198501230022
32260	彭安东	18585213932	522129198507090016
32267	姚文婷	18755920884	34100219920720002X
32287	马小雪	18435757576	141082199512280024
32290	王懿志	18025937580	422301198208053419
32299	耿星亮	18656967653	130107198811271812
32308	张嘉诚	18340822171	210402199605290915
32311	林斐	13306317701	370686198706197013
32315	谭国京	14796193160	452226198408152478
32316	艾婧	18304545685	232700199506284025
32320	任潇威	13087228046	43062119951005905X
32323	胡秉承	18611106051	622425198806050473
32324	陈晓蕊	18780002535	510781198603250029
32327	史中轩	15235118879	410782198507130011
32329	唐柏刚	13572066572	510622199410203938
32332	张炜	15510767038	433130199312042718
32337	张晓霞	13233536406	140311198808190920
32338	黎勇升	18707749250	450404198311161512
32340	贺育春	15680650613	510922198906136494
32342	胡丽梅	15108891633	533224198801162726
32344	聂兰鸾	13177222802	420802199502121781
32346	李健鑫	18697922440	450102198910072037
32353	刘伟	18032266560	130727198403121696
32358	罗义峰	18666668804	370684198310130055
32360	周凯鸿	13686225346	440582199303045615
32362	刘千	18507310328	430224199011125195
32372	崔凌波	13455226629	370285198711042931
32373	邓玉弟	18009066732	513701198909273152
32374	贾畅畅	15515783040	412727199202155711
32376	李小龙	18602857826	500235199005051596
32388	王嘉豪	17862968618	370502199602132014
32390	叶堃杰	18768525746	330226199506230017
32391	王博	15937641283	41282619930630491X
32393	刘敬彬	18559119510	350103198603082713
32396	陈正阳	15720681991	320831199411010216
32399	倪明哲	13586991943	330721198512064239
32401	吴强	13986055633	420115198511210099
32406	魏佳庆	18092795660	610431199101074916
32407	秦雅乐	15713727930	410526198904070276
32409	贺程霖	15670923671	410881199512063013
32421	张亭亭	15269030222	372925198011080244
32426	陈丽君	13968995134	330324198507234181
32435	肖善仁	15083831249	360122198712202711
32437	石小慧	13256313219	65302119950713024X
32439	张小龙	13296777778	231024198802060015
32442	张权辉	15019252566	441381198507283219
32444	王海鑫	18840934300	232102199106164251
32446	周丽丽	15104896983	152223199402013922
32450	王锐	13842079402	210106198805035542
32459	吴吉盛	13818800351	310102198911192814
32460	陈维泉	13709087226	510104198801012114
32463	姚堂堂	15386089567	430481198209100034
32471	林禹	15919034071	440681199106205914
32473	姚永浩	18681079752	450721198710204017
32474	彭程	13061762448	340111198710101578
32481	吴晓慧	18889969008	460103199111101228
32482	孙博延	13948148358	15232619831128003X
32484	吴彦君	13485328170	142333199110061611
32490	吴灿	18985689830	522122198408281832
32496	朱胜斌	18358044660	330721199706010014
32499	胡文会	13171113692	150425199402201167
32502	陈飞扬	13823166654	441481199101261677
32509	黄皓	13990203002	510682198809150219
32511	张文浩	15013767164	441323198510110315
32512	曾凯思	13788829257	350500198601204513
32515	皮竹	18681286620	513423199409096504
32516	刘宗节	15025145704	510504198807211810
32521	宋航宇	15680825775	510181199410084935
32532	蓝戈	18379140184	330329199608226240
32533	段佳明	15001170115	110228199401283528
32534	何斌	18658883979	332525198809291914
32542	张雅桐	15008484140	510125199603102641
32544	张明丽	15934620697	52212119950613704X
32553	韩磊	13474708561	150207199502184719
32554	张琦	13986609233	420204199306016538
32558	杨晓翔	13793889389	372301198209190015
32562	陶邦俊	13952095332	340505198303030615
32563	张恒	15708425099	513227199309214416
32564	吕金峰	18883855798	500232199406283452
32566	覃礼俊	13984530533	522225199412181614
32570	段鑫峰	18012342678	230281199411041310
32581	岳泰山	15963602657	370785198804255714
32582	陈峰	13795570848	510322198301010052
32592	姚燕	13789335250	433122198110179025
32602	魏家琪	13893401332	620102198807163047
32608	曾凯思	13788829257	350500198601204513
32615	何俊威	13981787947	513321199607060010
32618	徐浩	15852804585	320981199008105476
32626	莫华虎	18587737195	450106198407010555
32627	袁开强	15209841745	340123199203217090
32638	张源	13184224744	330106199601262710
32648	周炀	18773133546	430104198312190614
32649	杨瑞琪	18523607398	500102199002208612
32659	王雨强	15773353100	430281199501203915
32661	杨洋	15022224420	220422199002134718
32663	周浩	15104024249	210124199004081255
32665	汪李	18652908683	340823199002080436
32676	许同	15755149770	340811199404244717
32677	冉冰洁	17828787861	511302198704151146
32681	方富良	13736080935	330225198112282294
32682	范晓梅	13339471129	230603198711293729
32684	段星	18180888687	510623199409156018
32685	王剑	15075800770	131102198806264414
32702	连阿景	18505955365	350521198902168538
32704	但红建	17780728182	510321198609055795
32710	张彦豪	13007699118	410526198706204413
32712	周仁义	18021462656	320921199502084678
32714	吴冬生	18622696468	120106198401193016
32719	李晨阳	18609289895	140428199605289231
32720	申志刚	15045086043	150425198705271774
32724	陈应辉	18776926244	450103198806032015
32727	李鑫	13488984445	510181198606011725
32729	冯好	18502790906	420202198909060047
32733	曹海波	18512505010	342622199510013592
32736	申志刚	15045086043	150425198705271774
32738	张雪	13331764447	220103198103252326
32741	杨博	18629035062	610103198311293213
32751	戴斌	13567191237	330802199109034014
32756	王峰	15838214640	411303198908153752
32759	张文华	15940214408	411421199309202412
32764	刘鑫	13373454105	130206199510120619
32772	李浩玉	13679124122	622701199506251142
32775	直苗	15239276661	410603199105152027
32780	陈轶君	13559238769	350204198906152012
32782	高岗	18508420088	430721199011135236
32789	陈圣凯	15619227282	610104199405050010
32794	陈虹宇	13198062291	513701199310012452
32801	王挺武	15160298921	350821198811050813
32805	谭鸿志	13896663028	500102198702230250
32812	郭鹏飞	15950821994	320682198905044517
32822	黄金炼	15280292340	350212199207235518
32825	杨雅铖	13071073997	410185199306127319
32829	彭旭浩	18699195767	650103199211040632
32832	陈信成	13768756772	450921198905130012
32835	赵吉星	15927915407	421022199305175417
32837	满建美	15053737312	370406198602051105
32839	孙阳	18780097586	230604199311255425
32844	顾春峰	18621101550	310228198502190817
32846	唐敏	15966920117	37152519850704472X
32847	刘恋	13596101237	220104198501230022
32849	李芬	15874884443	430424198210040043
32861	杨程前	18607451511	431281199002050417
32865	杨程前	18607451511	431281199002050417
32866	许露露	18754623733	370521198710080471
32888	赖漫	18679076024	360734199206242414
32889	申虎臣	15596023296	61062319860111081x
32891	秦海智	13019248189	220625199510311215
32906	周翔	18968295118	342530198912043911
32913	方成江	18523369651	513123199505080012
32940	邓苏琴	15970608862	362204198910228124
32942	江昆	13501643751	320830198906172611
32949	吴越峰	15156067282	341024199606279511
32950	袁月	18914261329	320826199302282844
32952	白伟	15809315731	620104199407260830
32957	姜开军	13213291240	410504199103190530
