240032
240033
240034
240035
240036
240037
240039
240042
240044
240045
240048
240050
240051
240053
240055
240057
240058
240060
240062
240063
240064
240069
240072
240074
240075
240076
240077
240079
240081
240082
240083
240084
240085
240088
240090
240091
240092
240093
240094
240096
240097
240098
240101
240102
240106
240107
240111
240115
240117
240118
240119
240120
240122
240124
240126
240128
240130
240131
240132
240135
240138
240140
240142
240143
240144
240146
240148
240149
240151
240154
240155
240158
240159
240161
240162
240163
240166
240169
240172
240176
240179
240180
240187
240188
240189
240190
240195
240197
240198
240199
240201
240203
240205
240206
240207
240209
240212
240213
240214
240217
240221
240224
240226
240231
240232
240234
240235
240239
240240
240241
240243
240244
240245
240246
240247
240250
240253
240256
240259
240260
240262
240263
240269
240270
240271
240274
240275
240276
240277
240279
240280
240282
240283
240284
240285
240286
240287
240288
240289
240295
240296
240297
240300
240302
240304
240306
240308
240310
240311
240313
240315
240317
240320
240321
240322
240323
240327
240331
240334
240336
240338
240340
240341
240342
240343
240345
240348
240349
240350
240351
240353
240354
240357
240358
240359
240360
240364
240366
240370
240371
240372
240374
240378
240379
240381
240383
240384
240387
240388
240393
240397
240398
240402
240403
240405
240406
240408
240409
240412
240414
240415
240416
240417
240418
240419
240420
240421
240426
240427
240430
240433
240436
240437
240440
240441
240442
240446
240447
240448
240451
240453
240455
240457
240459
240460
240463
240464
240467
240471
240472
240474
240480
240482
240484
240485
240486
240487
240490
240491
240492
240495
240496
240497
240498
240499
240500
240502
240503
240504
240506
240507
240508
240509
240510
240512
240516
240517
240521
240524
240525
240526
240527
240528
240530
240536
240538
240539
240540
240542
240543
240547
240548
240549
240550
240553
240554
240555
240557
240558
240562
240564
240566
240567
240568
240569
240571
240572
240573
240574
240577
240579
240584
240585
240589
240590
240591
240594
240596
240597
240599
240602
240603
240604
240605
240607
240608
240609
240613
240614
240617
240618
240619
240622
240623
240624
240625
240626
240633
240634
240636
240637
240638
240640
240641
240645
240647
240652
240653
240654
240658
240659
240660
240661
240662
240667
240668
240671
240672
240673
240674
240676
240677
240679
240680
240682
240689
240690
240692
240694
240696
240708
240709
240711
240712
240713
240717
240718
240722
240725
240727
240729
240730
240734
240736
240737
240739
240740
240741
240743
240745
240746
240747
240749
240752
240753
240754
240755
240756
240757
240759
240765
240768
240769
240771
240772
240774
240777
240779
240780
240783
240784
240785
240786
240788
240790
240791
240793
240795
240797
240798
240799
240803
240805
240806
240809
240811
240813
240814
240816
240817
240821
240822
240827
240828
240829
240831
240834
240838
240841
240843
240844
240845
240847
240849
240850
240853
240854
240857
240859
240860
240863
240867
240871
240876
240877
240880
240882
240883
240886
240887
240889
240891
240892
240893
240894
240897
240898
240899
240900
240901
240904
240905
240906
240907
240911
240915
240922
240924
240928
240931
240933
240934
240937
240938
240941
240943
240944
240948
240949
240950
240951
240952
240954
240957
240958
240959
240961
240963
240965
240967
240969
240974
240975
240976
240977
240978
240981
240982
240986
240989
240990
240991
240992
240993
240994
240995
240998
241001
241002
241003
241004
241006
241007
241008
241009
241010
241011
241012
241015
241016
241017
241021
241024
241026
241027
241029
241032
241033
241034
241036
241037
241038
241039
241040
241041
241042
241043
241044
241046
241047
241048
241049
241050
241051
241052
241055
241058
241059
241060
241062
241064
241065
241071
241072
241073
241074
241075
241076
241078
241080
241081
241082
241083
241085
241087
241088
241089
241092
241095
241097
241100
241101
241105
241106
241108
241109
241110
241111
241113
241118
241119
241121
241122
241125
241126
241127
241128
241129
241131
241140
241143
241144
241146
241147
241148
241150
241154
241156
241158
241159
241161
241162
241164
241165
241167
241168
241169
241171
241173
241174
241176
241178
241180
241181
241182
241184
241185
241187
241189
241191
241192
241195
241196
241197
241200
241202
241206
241208
241211
241213
241215
241217
241218
241219
241220
241221
241222
241226
241227
241232
241237
241238
241243
241244
241246
241253
241255
241257
241258
241259
241260
241261
241262
241263
241267
241269
241271
241275
241276
241277
241279
241280
241283
241284
241286
241287
241291
241292
241293
241294
241295
241296
241297
241299
241300
241301
241302
241304
241305
241306
241308
241312
241313
241314
241315
241316
241319
241323
241325
241326
241327
241328
241334
241335
241342
241346
241347
241349
241351
241352
241353
241356
241357
241358
241359
241362
241363
241365
241370
241373
241374
241377
241381
241382
241383
241384
241387
241393
241394
241395
241396
241397
241399
241400
241403
241405
241406
241407
241410
241413
241414
241417
241418
241419
241421
241422
241425
241426
241427
241428
241429
241431
241432
241433
241434
241435
241437
241438
241442
241445
241448
241449
241450
241451
241458
241459
241462
241463
241464
241467
241474
241476
241477
241478
241479
241480
241481
241482
241488
241489
241490
241491
241494
241496
241499
241500
241502
241503
241505
241506
241507
241508
241509
241510
241511
241513
241515
241516
241520
241521
241524
241525
241530
241532
241534
241539
241541
241543
241546
241547
241548
241549
241550
241551
241552
241554
241555
241559
241560
241561
241562
241563
241565
241567
241568
241569
241570
241571
241573
241575
241576
241577
241579
241583
241585
241586
241587
241588
241591
241592
241593
241595
241598
241599
241602
241607
241609
241610
241613
241616
241619
241620
241621
241622
241625
241627
241628
241630
241631
241632
241634
241636
241637
241638
241639
241640
241641
241643
241644
241645
241646
241647
241649
241652
241653
241654
241656
241657
241658
241661
241665
241666
241668
241669
241671
241672
241674
241676
241677
241678
241680
241681
241682
241685
241686
241687
241688
241689
241691
241693
241698
241699
241700
241701
241702
241703
241708
241709
241710
241712
241713
241715
241716
241717
241719
241721
241724
241726
241727
241734
241738
241739
241740
241741
241742
241744
241748
241752
241754
241755
241759
241761
241762
241763
241764
241765
241766
241768
241773
241775
241778
241779
241780
241782
241784
241785
241789
241790
241791
241792
241799
241800
241802
241803
241804
241805
241806
241807
241808
241813
241814
241816
241817
241818
241821
241823
241825
241827
241828
241830
241831
241833
241834
241837
241838
241839
241841
241843
241844
241846
241847
241848
241850
241853
241855
241858
241863
241864
241865
241867
241871
241875
241878
241879
241880
241881
241882
241883
241884
241886
241888
241889
241890
241894
241895
241896
241897
241899
241900
241903
241904
241905
241906
241911
241912
241913
241914
241919
241921
241922
241924
241928
241930
241932
241938
241939
241944
241945
241950
241952
241953
241954
241955
241960
241961
241962
241963
241964
241967
241968
241970
241973
241975
241977
241978
241979
241980
241982
241983
241985
241986
241987
241988
241989
241990
241992
241994
242003
242005
242006
242009
242010
242014
242015
242016
242017
242022
242023
242024
242026
242027
242028
242030
242034
242036
242037
242039
242044
242046
242047
242051
242052
242053
242056
242057
242059
242060
242061
242062
242064
242066
242067
242068
242073
242074
242076
242077
242078
242080
242081
242083
242084
242087
242091
242092
242095
242096
242098
242100
242110
242113
242114
242115
242116
242117
242120
242121
242122
242124
242127
242129
242130
242133
242134
242143
242148
242149
242150
242152
242153
242154
242155
242156
242157
242158
242161
242163
242164
242166
242167
242168
242171
242174
242175
242176
242177
242181
242189
242191
242192
242193
242196
242197
242199
242201
242203
242204
242205
242206
242208
242211
242212
242213
242215
242217
242219
242220
242221
242225
242228
242229
242230
242232
242235
242236
242238
242239
242240
242241
242242
242245
242255
242256
242259
242263
242265
242267
242268
242270
242271
242273
242274
242275
242277
242279
242283
242286
242287
242288
242291
242298
242301
242303
242304
242308
242310
242311
242314
242318
242319
242321
242322
242323
242325
242326
242328
242333
242334
242335
242337
242338
242339
242343
242346
242348
242349
242352
242360
242361
242362
242364
242365
242366
242367
242368
242370
242372
242373
242375
242377
242378
242380
242381
242385
242387
242388
242389
242391
242392
242394
242395
242396
242401
242402
242404
242405
242406
242407
242409
242410
242411
242413
242415
242416
242419
242420
242424
242425
242426
242427
242429
242430
242431
242433
242436
242437
242439
242441
242443
242446
242449
242451
242456
242457
242458
242460
242461
242466
242467
242468
242469
242471
242473
242475
242477
242478
242483
242486
242489
242492
242493
242495
242497
242498
242500
242501
242502
242503
242504
242505
242508
242510
242511
242512
242513
242515
242517
242518
242520
242522
242524
242527
242528
242531
242532
242533
242536
242537
242539
242542
242546
242551
242552
242553
242558
242562
242564
242565
242566
242568
242570
242571
242573
242574
242578
242580
242581
242582
242583
242587
242588
242589
242590
242593
242600
242601
242602
242603
242604
242605
242607
242608
242611
242612
242614
242617
242618
242619
242621
242624
242625
242628
242629
242630
242631
242633
242635
242636
242637
242639
242642
242643
242644
242645
242649
242650
242653
242654
242656
242657
242659
242660
242661
242663
242664
242666
242669
242676
242677
242679
242684
242686
242687
242688
242690
242691
242697
242698
242699
242700
242702
242705
242707
242708
242711
242712
242713
242715
242716
242717
242718
242719
242720
242726
242728
242729
242733
242740
242741
242743
242744
242746
242747
242748
242750
242752
242757
242758
242761
242764
242767
242769
242770
242771
242772
242773
242774
242777
242779
242781
242782
242784
242785
242786
242787
242792
242793
242794
242796
242797
242798
242799
242803
242804
242807
242811
242812
242813
242817
242818
242819
242820
242821
242823
242825
242830
242831
242833
242835
242841
242843
242844
242845
242847
242848
242850
242851
242852
242853
242857
242858
242859
242862
242864
242865
242867
242868
242869
242871
242873
242876
242879
242884
242886
242888
242894
242896
242897
242898
242903
242904
242907
242908
242909
242911
242913
242915
242918
242919
242920
242923
242924
242925
242926
242928
242929
242930
242931
242933
242937
242940
242941
242942
242945
242946
242947
242948
242951
242952
242953
242954
242956
242959
242961
242962
242964
242965
242968
242969
242970
242972
242973
242974
242975
242979
242982
242983
242984
242985
242986
242987
242989
242996
242998
242999
243000
243003
243007
243010
243012
243013
243014
243016
243020
243022
243023
243024
243025
243026
243027
243032
243033
243034
243035
243036
243038
243040
243042
243048
243052
243053
243054
243056
243057
243058
243061
243062
243063
243065
243068
243069
243070
243071
243072
243075
243077
243078
243079
243080
243081
243083
243084
243086
243087
243093
243096
243097
243100
243102
243103
243104
243105
243109
243110
243114
243117
243118
243119
243120
243121
243122
243127
243131
243133
243135
243140
243141
243143
243145
243147
243148
243153
243155
243158
243160
243161
243163
243164
243167
243170
243171
243172
243174
243175
243176
243177
243178
243179
243183
243184
243187
243189
243191
243197
243198
243200
243201
243202
243203
243207
243208
243212
243214
243217
243218
243219
243220
243226
243227
243229
243232
243236
243238
243247
243248
243252
243254
243258
243262
243267
243268
243272
243274
243276
243278
243280
243281
243282
243286
243287
243289
243290
243291
243293
243298
243299
243301
243302
243303
243305
243306
243307
243308
243309
243310
243311
243314
243317
243318
243319
243324
243326
243327
243328
243330
243332
243333
243335
243341
243342
243343
243345
243346
243348
243350
243353
243354
243356
243357
243361
243362
243365
243366
243368
243369
243373
243375
243377
243378
243382
243383
243385
243389
243390
243391
243394
243398
243399
243405
243408
243410
243411
243413
243414
243415
243416
243417
243419
243420
243422
243423
243424
243425
243433
243436
243441
243443
243447
243448
243449
243450
243451
243459
243460
243462
243463
243465
243468
243469
243470
243473
243475
243476
243479
243482
243486
243487
243491
243493
243494
243498
243499
243500
243501
243503
243504
243507
243508
243509
243511
243513
243515
243516
243518
243519
243522
243526
243527
243528
243530
243532
243533
243535
243539
243541
243542
243549
243550
243553
243554
243560
243562
243563
243565
243566
243568
243569
243572
243574
243576
243577
243582
243583
243588
243589
243591
243592
243593
243594
243602
243608
243617
243620
243621
243624
243625
243629
243630
243631
243632
243635
243636
243639
243641
243643
243645
243650
243654
243656
243658
243660
243665
243668
243669
243670
243675
243681
243683
243684
243685
243686
243687
243695
243696
243697
243700
243701
243706
243707
243708
243714
243718
243723
243725
243729
243731
243732
243733
243737
243738
243739
243743
243746
243747
243749
243752
243759
243761
243762
243766
243773
243774
243776
243779
243782
243784
243786
243790
243793
243799
243807
243808
243809
243810
243812
243813
243820
243821
243825
243826
243827
243828
243833
243834
243841
243842
243847
243849
243850
243853
243854
243857
243859
243861
243866
243870
243871
243872
243874
243882
243885
243889
243890
243891
243898
243904
243905
243906
243908
243911
243915
243920
243924
243928
243929
243931
243937
243938
243939
243942
243943
243944
243946
243947
243951
243955
243960
243961
243963
243964
243965
243966
243969
243970
243971
243974
243976
243977
243978
243980
243982
243985
243987
243988
243990
243994
243996
243997
243999
244008
244010
244011
244013
244014
244015
244017
244018
244020
244021
244022
244025
244031
244032
244033
244034
244036
244038
244039
244041
244042
244047
244048
244050
244053
244055
244056
244057
244058
244059
244060
244065
244066
244068
244069
244070
244071
244074
244077
244081
244082
244083
244085
244087
244088
244091
244092
244094
244096
244098
244099
244108
244109
244112
244115
244119
244121
244122
244123
244124
244125
244127
244128
244129
244132
244133
244134
244137
244138
244140
244143
244152
244153
244158
244160
244162
244164
244168
244172
244181
244182
244186
244187
244189
244191
244193
244195
244196
244198
244200
244202
244203
244206
244207
244208
244209
244210
244212
244213
244217
244218
244219
244221
244222
244224
244231
244233
244235
244236
244241
244246
244248
244249
244254
244255
244256
244257
244261
244262
244264
244269
244272
244275
244276
244278
244279
244281
244282
244287
244288
244289
244290
244291
244293
244294
244295
244298
244299
244301
244303
244305
244306
244310
244313
244317
244319
244320
244322
244323
244325
244329
244330
244332
244334
244335
244337
244338
244339
244341
244342
244344
244346
244349
244351
244352
244353
244354
244358
244360
244361
244366
244368
244371
244373
244375
244379
244384
244385
244387
244388
244389
244390
244394
244396
244397
244399
244400
244408
244411
244413
244414
244416
244417
244418
244421
244422
244423
244425
244428
244429
244433
244434
244435
244436
244437
244438
244444
244445
244446
244448
244449
244450
244451
244453
244454
244455
244458
244459
244460
244461
244462
244463
244464
244465
244466
244468
244470
244471
244473
244474
244475
244476
244477
244480
244482
244484
244486
244487
244490
244494
244505
244506
244510
244511
244516
244518
244519
244520
244523
244524
244528
244534
244537
244539
244540
244543
244544
244549
244552
244554
244565
244566
244571
244572
244575
244576
244577
244585
244589
244591
244593
244598
244602
244604
244605
244608
244613
244615
244618
244619
244621
244626
244629
244630
244631
244632
244635
244636
244640
244645
244646
244653
244655
244656
244657
244658
244669
244670
244671
244674
244676
244677
244678
244682
244684
244685
244686
244690
244692
244694
244697
244698
244704
244709
244710
244711
244712
244713
244717
244718
244720
244722
244725
244726
244727
244734
244735
244741
244742
244746
244757
244759
244764
244766
244767
244768
244770
244777
244778
244782
244784
244787
244788
244795
244800
244801
244803
244804
244805
244810
244822
244828
244835
244837
244838
244840
244845
244846
244850
244851
244853
244855
244868
244870
244874
244875
244879
244883
244885
244886
244887
244888
244893
244894
244896
244897
244900
244901
244905
244910
244912
244913
244914
244916
244917
244918
244920
244922
244923
244926
244929
244930
244932
244934
244935
244936
244937
244939
244940
244941
244943
244945
244948
244949
244950
244953
244954
244955
244956
244957
244959
244960
244961
244963
244964
244967
244969
244971
244972
244973
244974
244975
244976
244978
244980
244981
244983
244984
244985
244986
244989
244991
245000
245004
245005
245006
245007
245008
245009
245011
245013
245015
245016
245017
245018
245019
245022
245023
245024
245029
245032
245033
245036
245037
245045
245049
245051
245054
245055
245056
245058
245061
245062
245064
245065
245066
245067
245068
245070
245071
245073
245074
245076
245077
245078
245080
245081
245083
245087
245088
245089
245090
245092
245094
245095
245097
245102
245104
245109
245112
245114
245116
245118
245119
245120
245121
245122
245123
245124
245127
245130
245131
245133
245134
245135
245137
245138
245141
245142
245143
245144
245147
245148
245149
245152
245153
245156
245157
245158
245161
245162
245163
245165
245166
245168
245169
245170
245171
245172
245180
245181
245182
245183
245187
245188
245189
245191
245193
245194
245196
245203
245204
245212
245214
245215
245216
245217
245220
245224
245227
245230
245233
245234
245235
245236
245237
245238
245243
245244
245245
245248
245250
245252
245253
245256
245257
245258
245259
245260
245261
245262
245273
245274
245276
245277
245282
245283
245284
245286
245294
245297
245299
245300
245301
245304
245305
245306
245307
245310
245312
245313
245314
245315
245320
245322
245323
245325
245327
245328
245331
245333
245337
245340
245344
245348
245349
245351
245353
245354
245355
245356
245358
245360
245361
245362
245366
245369
245374
245376
245378
245379
245380
245383
245384
245385
245386
245391
245394
245395
245396
245400
245403
245404
245406
245407
245408
245409
245410
245411
245414
245415
245416
245417
245418
245420
245426
245428
245431
245432
245433
245434
245438
245442
245444
245445
245446
245447
245451
245454
245460
245461
245462
245464
245466
245467
245469
245471
245472
245473
245477
245479
245482
245483
245484
245486
245489
245491
245492
245494
245495
245496
245499
245500
245501
245502
245503
245505
245506
245508
245513
245515
245516
245518
245519
245521
245525
245528
245530
245531
245535
245537
245538
245540
245541
245542
245555
245557
245559
245560
245562
245563
245566
245568
245571
245572
245573
245575
245582
245583
245584
245586
245587
245590
245591
245592
245593
245595
245596
245597
245598
245599
245602
245603
245606
245609
245611
245612
245614
245615
245616
245617
245619
245620
245621
245622
245626
245628
245631
245632
245638
245640
245641
245642
245643
245645
245646
245647
245648
245651
245654
245655
245657
245659
245660
245663
245664
245665
245667
245669
245670
245671
245672
245673
245674
245676
245677
245680
245682
245686
245687
245689
245692
245693
245694
245695
245696
245698
245699
245700
245702
245703
245704
245706
245707
245708
245710
245711
245713
245715
245717
245718
245719
245720
245725
245726
245727
245729
245731
245732
245734
245737
245738
245740
245743
245747
245749
245751
245752
245753
245756
245759
245761
245763
245764
245765
245766
245768
245775
245776
245777
245778
245779
245781
245783
245784
245786
245788
245789
245790
245792
245794
245795
245798
245801
245802
245807
245808
245809
245811
245812
245813
245814
245815
245816
245818
245819
245821
245823
245824
245825
245828
245832
245834
245835
245837
245839
245840
245843
245844
245846
245847
245848
245849
245853
245854
245855
245857
245858
245859
245860
245863
245864
245865
245869
245870
245871
245873
245875
245879
245881
245882
245883
245888
245889
245892
245893
245899
245900
245901
245903
245909
245912
245913
245915
245918
245920
245921
245923
245924
245925
245926
245928
245929
245930
245931
245936
245937
245939
245942
245944
245947
245948
245950
245955
245958
245960
245962
245963
245964
245967
245971
245975
245977
245978
245981
245982
245984
245985
245986
245987
245989
245992
245993
245994
245995
245996
245999
246000
246001
246004
246005
246006
246008
246009
246010
246012
246013
246014
246019
246020
246021
246022
246024
246032
246034
246035
246037
246038
246042
246043
246047
246048
246050
246052
246055
246056
246057
246059
246060
246061
246064
246066
246070
246072
246073
246074
246075
246077
246080
246081
246082
246083
246084
246085
246087
246088
246089
246093
246094
246096
246097
246098
246101
246103
246113
246116
246117
246120
246121
246123
246127
246128
246132
246134
246135
246136
246137
246141
246143
246145
246146
246149
246150
246152
246153
246154
246155
246159
246161
246162
246163
246164
246168
246171
246172
246173
246175
246178
246182
246183
246184
246188
246191
246193
246195
246196
246198
246201
246203
246204
246205
246207
246209
246210
246212
246214
246218
246220
246221
246225
246228
246232
246233
246235
246236
246240
246241
246244
246245
246246
246249
246253
246254
246256
246257
246259
246260
246262
246264
246265
246269
246270
246271
246272
246273
246274
246278
246283
246287
246290
246292
246294
246295
246296
246297
246298
246300
246301
246302
246303
246306
246307
246309
246312
246316
246319
246320
246321
246322
246323
246332
246334
246335
246337
246338
246340
246342
246343
246345
246347
246349
246351
246352
246353
246354
246355
246356
246357
246358
246361
246362
246363
246364
246369
246370
246373
246376
246377
246379
246380
246381
246384
246388
246389
246390
246391
246392
246394
246396
246399
246401
246403
246404
246406
246407
246408
246410
246411
246412
246415
246419
246420
246424
246425
246430
246432
246433
246435
246441
246442
246443
246445
246446
246450
246451
246453
246454
246455
246461
246465
246467
246468
246470
246471
246474
246479
246481
246482
246485
246486
246487
246488
246489
246495
246497
246499
246500
246507
246508
246510
246512
246513
246514
246515
246519
246520
246522
246523
246525
246526
246529
246530
246532
246533
246535
246536
246543
246544
246549
246551
246559
246560
246565
246568
246569
246570
246571
246572
246573
246574
246577
246578
246579
246581
246584
246587
246589
246592
246597
246598
246601
246602
246603
246607
246608
246614
246615
246617
246619
246621
246623
246626
246629
246630
246640
246650
246651
246652
246653
246654
246655
246657
246659
246660
246662
246663
246666
246667
246668
246670
246673
246675
246676
246680
246681
246683
246686
246688
246690
246691
246693
246698
246699
246703
246704
246705
246706
246707
246709
246711
246713
246715
246716
246718
246721
246725
246726
246727
246729
246731
246734
246739
246740
246744
246746
246747
246748
246749
246756
246757
246758
246759
246760
246764
246765
246766
246770
246771
246772
246773
246775
246776
246778
246779
246781
246782
246783
246784
246789
246793
246797
246800
246801
246803
246805
246806
246810
246811
246813
246815
246816
246818
246819
246820
246823
246824
246827
246828
246831
246832
246836
246839
246841
246842
246845
246846
246847
246848
246849
246853
246854
246856
246857
246859
246862
246863
246864
246865
246868
246871
246872
246878
246879
246880
246882
246886
246888
246889
246892
246894
246895
246897
246899
246901
246903
246904
246911
246914
246918
246921
246926
246928
246929
246930
246932
246934
246935
246937
246943
246944
246947
246949
246950
246951
246952
246954
246959
246961
246963
246965
246970
246971
246972
246973
246976
246978
246980
246981
246982
246983
246985
246987
246988
246989
246991
246998
247001
247003
247007
247008
247009
247010
247012
247014
247017
247019
247020
247021
247022
247024
247030
247031
247032
247033
247037
247039
247045
247047
247048
247049
247050
247053
247055
247056
247057
247058
247060
247062
247063
247064
247065
247066
247068
247072
247073
247075
247076
247078
247081
247084
247085
247087
247089
247093
247094
247096
247097
247098
247101
247102
247103
247104
247106
247107
247109
247110
247111
247113
247114
247115
247117
247118
247120
247123
247124
247125
247126
247128
247129
247130
247133
247135
247138
247140
247143
247144
247145
247146
247153
247154
247155
247156
247157
247161
247162
247167
247171
247172
247174
247176
247181
247184
247186
247188
247189
247192
247195
247197
247198
247200
247201
247203
247206
247209
247211
247213
247216
247218
247219
247221
247222
247226
247227
247230
247231
247234
247236
247240
247243
247245
247246
247249
247250
247252
247254
247255
247256
247257
247258
247259
247260
247261
247264
247269
247270
247271
247273
247274
247277
247278
247282
247283
247286
247287
247288
247291
247296
247301
247302
247304
247306
247309
247310
247311
247313
247314
247315
247316
247317
247318
247322
247325
247328
247331
247333
247338
247341
247342
247349
247350
247351
247352
247353
247355
247357
247358
247359
247360
247363
247365
247366
247370
247371
247372
247373
247376
247377
247378
247379
247381
247384
247390
247391
247392
247393
247394
247396
247398
247399
247400
247402
247404
247405
247407
247408
247410
247411
247414
247418
247420
247422
247427
247428
247429
247432
247435
247440
247445
247446
247448
247449
247451
247454
247455
247457
247458
247461
247469
247473
247474
247477
247485
247486
247487
247490
247492
247494
247495
247496
247497
247498
247499
247500
247504
247506
247507
247508
247512
247513
247516
247519
247520
247521
247522
247523
247524
247527
247535
247538
247539
247542
247543
247544
247548
247551
247552
247553
247554
247555
247556
247557
247561
247562
247563
247570
247571
247572
247573
247575
247576
247583
247584
247587
247588
247589
247590
247591
247592
247593
247595
247596
247598
247600
247602
247603
247604
247605
247606
247607
247608
247609
247612
247617
247619
247620
247622
247624
247625
247627
247628
247629
247631
247633
247635
247641
247644
247645
247647
247650
247651
247653
247655
247656
247657
247659
247660
247661
247662
247664
247665
247666
247670
247671
247674
247677
247678
247680
247682
247683
247685
247686
247689
247693
247694
247696
247698
247699
247700
247701
247705
247711
247725
247726
247730
247731
247734
247735
247737
247739
247740
247741
247743
247746
247747
247749
247750
247751
247752
247754
247755
247756
247758
247760
247761
247765
247768
247771
247772
247773
247775
247778
247781
247782
247783
247785
247789
247790
247795
247797
247802
247804
247805
247806
247807
247809
247810
247813
247814
247815
247819
247822
247825
247828
247829
247831
247833
247834
247835
247836
247839
247844
247845
247850
247855
247857
247858
247859
247860
247861
247862
247863
247864
247871
247872
247873
247875
247876
247877
247878
247879
247880
247881
247882
247883
247886
247889
247891
247896
247897
247898
247901
247902
247905
247906
247907
247910
247912
247913
247915
247916
247917
247918
247919
247920
247921
247924
247925
247930
247934
247942
247946
247947
247950
247952
247956
247958
247959
247963
247964
247966
247970
247971
247972
247975
247977
247978
247980
247982
247988
247989
247991
247993
247996
247998
247999
248000
248001
248002
248003
248004
248005
248010
248011
248015
248019
248020
248021
248023
248025
248026
248027
248029
248031
248034
248036
248038
248040
248041
248042
248044
248045
248046
248047
248048
248049
248051
248052
248054
248056
248058
248059
248060
248061
248063
248064
248065
248066
248067
248069
248070
248071
248075
248077
248078
248079
248080
248082
248084
248085
248087
248088
248089
248096
248098
248099
248103
248104
248107
248111
248112
248114
248116
248118
248120
248121
248125
248129
248131
248133
248134
248138
248141
248144
248145
248146
248148
248150
248153
248155
248157
248162
248163
248165
248167
248171
248173
248174
248175
248178
248179
248181
248182
248183
248188
248190
248194
248195
248199
248203
248204
248205
248207
248208
248209
248211
248212
248215
248216
248217
248218
248219
248220
248227
248228
248229
248230
248231
248232
248233
248234
248235
248238
248239
248242
248243
248244
248247
248251
248252
248253
248255
248257
248258
248262
248263
248267
248268
248270
248272
248275
248280
248283
248284
248290
248294
248295
248296
248297
248300
248301
248302
248304
248305
248306
248308
248309
248310
248312
248314
248316
248318
248319
248320
248323
248327
248328
248330
248332
248334
248335
248336
248337
248338
248342
248345
248347
248349
248350
248355
248357
248358
248359
248360
248364
248365
248366
248373
248375
248376
248377
248378
248382
248383
248385
248386
248387
248388
248389
248391
248392
248394
248397
248400
248401
248406
248410
248411
248414
248415
248417
248418
248421
248425
248426
248427
248429
248430
248431
248433
248434
248435
248436
248437
248438
248439
248440
248442
248444
248447
248450
248452
248453
248455
248458
248462
248464
248465
248467
248468
248471
248472
248473
248474
248476
248477
248478
248479
248480
248481
248483
248485
248488
248489
248491
248493
248494
248495
248496
248498
248502
248503
248504
248507
248508
248510
248512
248513
248515
248518
248520
248521
248522
248524
248530
248531
248534
248536
248538
248539
248540
248542
248545
248548
248550
248551
248552
248556
248557
248558
248559
248560
248562
248563
248564
248567
248568
248569
248574
248575
248579
248580
248581
248584
248586
248588
248589
248590
248591
248593
248594
248595
248596
248597
248601
248602
248603
248605
248606
248608
248609
248612
248613
248616
248617
248619
248620
248622
248624
248625
248628
248630
248631
248634
248635
248639
248640
248642
248646
248647
248651
248656
248657
248658
248660
248661
248662
248663
248665
248666
248667
248671
248672
248675
248676
248678
248680
248681
248683
248684
248687
248690
248691
248692
248693
248698
248699
248701
248709
248710
248712
248713
248715
248717
248721
248723
248724
248725
248728
248732
248735
248737
248738
248741
248744
248745
248747
248752
248753
248754
248758
248760
248761
248762
248763
248765
248767
248770
248771
248774
248775
248779
248780
248781
248785
248790
248792
248795
248796
248800
248801
248803
248804
248805
248806
248808
248809
248811
248812
248813
248816
248820
248821
248823
248824
248827
248828
248829
248831
248833
248834
248835
248836
248838
248839
248842
248846
248848
248850
248853
248854
248855
248856
248857
248858
248859
248861
248863
248864
248865
248866
248872
248878
248880
248882
248884
248887
248893
248896
248899
248900
248901
248902
248903
248904
248905
248906
248907
248910
248913
248917
248919
248921
248922
248923
248925
248929
248930
248933
248934
248935
248937
248938
248939
248941
248943
248946
248947
248948
248950
248951
248952
248957
248958
248959
248960
248961
248963
248964
248965
248966
248968
248969
248970
248971
248974
248977
248978
248980
248981
248982
248983
248984
248985
248987
248991
248992
248994
248995
248998
249002
249003
249005
249008
249009
249010
249011
249012
249013
249015
249016
249017
249018
249019
249021
249022
249027
249029
249034
249041
249042
249044
249045
249046
249048
249050
249051
249052
249053
249054
249055
249056
249057
249060
249062
249065
249066
249068
249069
249072
249073
249074
249077
249079
249081
249082
249084
249086
249089
249090
249091
249092
249094
249095
249096
249099
249101
249104
249105
249108
249109
249110
249111
249113
249114
249115
249118
249119
249121
249123
249125
249126
249127
249128
249129
249130
249131
249132
249133
249136
249138
249140
249142
249144
249146
249149
249150
249152
249154
249155
249156
249157
249158
249159
249162
249164
249165
249166
249167
249172
249175
249176
249177
249178
249179
249181
249182
249186
249187
249190
249191
249192
249194
249195
249196
249197
249200
249203
249205
249207
249209
249210
249214
249217
249220
249221
249222
249224
249226
249227
249228
249229
249230
249231
249234
249240
249242
249244
249246
249248
249249
249250
249251
249252
249253
249255
249256
249257
249258
249259
249262
249266
249268
249269
249271
249272
249277
249280
249284
249285
249286
249288
249291
249292
249293
249295
249298
249299
249301
249302
249303
249304
249305
249306
249308
249309
249313
249314
249316
249317
249321
249322
249323
249327
249331
249332
249335
249336
249337
249339
249340
249341
249342
249343
249344
249346
249348
249349
249351
249352
249353
249354
249355
249356
249357
249358
249360
249362
249364
249365
249366
249367
249368
249371
249372
249374
249376
249377
249378
249379
249380
249383
249386
249389
249390
249391
249392
249394
249395
249396
249397
249398
249399
249402
249403
249406
249408
249410
249411
249415
249416
249417
249420
249422
249423
249424
249425
249426
249427
249429
249432
249434
249435
249438
249442
249445
249448
249453
249457
249460
249464
249466
249467
249468
249469
249472
249476
249481
249482
249484
249486
249487
249488
249490
249492
249493
249494
249498
249500
249501
249502
249506
249511
249513
249515
249518
249519
249520
249521
249522
249526
249527
249528
249529
249530
249531
249533
249535
249536
249538
249539
249540
249544
249545
249546
249547
249548
249549
249551
249552
249553
249555
249559
249561
249563
249564
249565
249568
249571
249572
249573
249574
249579
249580
249582
249583
249585
249586
249587
249588
249591
249592
249593
249594
249595
249596
249597
249599
249600
249601
249607
249609
249610
249612
249617
249619
249620
249621
249622
249624
249625
249626
249628
249629
249631
249632
249634
249639
249641
249643
249650
249654
249662
249663
249665
249667
249669
249671
249673
249674
249677
249678
249679
249685
249686
249689
249691
249696
249701
249702
249703
249706
249709
249710
249715
249716
249718
249720
249722
249724
249726
249728
249730
249731
249734
249737
249738
249740
249741
249742
249745
249746
249748
249750
249751
249752
249755
249756
249757
249758
249759
249760
249761
249764
249767
249768
249773
249774
249775
249777
249778
249781
249784
249785
249786
249787
249791
249793
249794
249795
249800
249801
249803
249806
249807
249808
249809
249810
249813
249814
249820
249821
249824
249828
249836
249839
249840
249842
249844
249849
249851
249853
249854
249857
249859
249862
249864
249868
249871
249872
249879
249880
249887
249888
249893
249894
249895
249897
249903
249905
249906
249907
249916
249917
249918
249919
249920
249923
249925
249928
249930
249932
249936
249937
249944
249946
249947
249948
249952
249955
249956
249957
249958
249959
249960
249969
249970
249973
249975
249976
249979
249981
249982
249984
249986
249987
249988
249989
249992
249995
249998
250000
250002
250003
250004
250006
250007
250008
250009
250011
250012
250014
250016
250017
250018
250019
250022
250024
250026
250027
250031
250033
250034
250035
250036
250037
250041
250042
250043
250044
250046
250048
250052
250053
250055
250058
250059
250062
250063
250066
250070
250071
250072
250073
250076
250077
250080
250084
250087
250088
250089
250091
250092
250093
250097
250101
250102
250104
250105
250106
250107
250110
250111
250112
250115
250118
250119
250122
250123
250125
250126
250127
250128
250129
250130
250131
250132
250133
250134
250135
250136
250137
250141
250142
250145
250146
250147
250151
250156
250157
250163
250164
250165
250166
250168
250169
250170
250171
250177
250178
250180
250181
250183
250184
250187
250188
250189
250190
250191
250193
250196
250197
250198
250199
250200
250201
250203
250207
250211
250212
250213
250215
250221
250224
250226
250227
250229
250230
250231
250233
250240
250241
250242
250243
250245
250250
250252
250254
250255
250256
250260
250261
250263
250265
250267
250268
250269
250277
250278
250280
250281
250282
250285
250286
250287
250289
250292
250298
250299
250300
250301
250303
250305
250306
250308
250309
250310
250312
250314
250315
250316
250323
250324
250326
250328
250329
250331
250332
250334
250336
250339
250340
250341
250344
250345
250347
250349
250351
250352
250353
250354
250356
250357
250358
250359
250360
250365
250367
250369
250372
250375
250377
250378
250382
250385
250386
250387
250389
250390
250391
250392
250395
250397
250400
250403
250405
250406
250407
250408
250410
250411
250417
250418
250420
250423
250424
250427
250431
250432
250433
250435
250439
250440
250449
250452
250457
250458
250459
250462
250464
250471
250472
250474
250477
250479
250480
250481
250482
250484
250486
250488
250490
250491
250496
250498
250499
250500
250503
250509
250512
250516
250517
250518
250520
250521
250523
250525
250526
250527
250528
250531
250534
250540
250541
250542
250543
250545
250548
250549
250551
250554
250557
250558
250560
250562
250565
250568
250570
250571
250573
250574
250577
250580
250581
250583
250584
250585
250588
250591
250594
250600
250606
250611
250614
250615
250616
250620
250621
250625
250626
250629
250630
250633
250636
250639
250640
250642
250643
250645
250647
250649
250652
250653
250654
250658
250659
250660
250667
250669
250672
250673
250674
250677
250679
250683
250684
250687
250688
250690
250691
250692
250693
250695
250696
250698
250700
250701
250708
250712
250714
250715
250717
250718
250721
250724
250728
250729
250737
250739
250744
250746
250751
250753
250754
250756
250758
250760
250764
250765
250766
250767
250771
250773
250776
250783
250784
250785
250786
250790
250792
250793
250795
250798
250799
250803
250805
250807
250808
250810
250811
250813
250815
250817
250819
250820
250823
250830
250831
250832
250834
250835
250837
250839
250840
250841
250844
250845
250846
250851
250852
250858
250861
250864
250865
250866
250869
250870
250871
250875
250880
250887
250890
250893
250894
250897
250898
250900
250901
250903
250906
250913
250914
250916
250917
250919
250920
250921
250922
250923
250924
250925
250930
250932
250936
250937
250939
250940
250941
250942
250943
250945
250947
250949
250953
250957
250959
250960
250961
250963
250964
250965
250972
250974
250975
250981
250982
250983
250989
250991
250992
250994
250996
250997
250998
251001
251003
251006
251008
251013
251014
251015
251017
251022
251024
251028
251029
251030
251032
251033
251036
251037
251038
251044
251045
251046
251048
251051
251053
251055
251059
251064
251066
251071
251072
251074
251081
251087
251088
251089
251090
251093
251095
251097
251098
251099
251100
251102
251104
251106
251107
251109
251112
251113
251115
251117
251119
251123
251126
251129
251132
251134
251135
251136
251138
251139
251140
251142
251143
251146
251151
251152
251158
251160
251161
251164
251166
251168
251170
251171
251172
251173
251174
251175
251177
251178
251179
251180
251183
251186
251187
251188
251189
251191
251192
251193
251196
251197
251198
251201
251203
251204
251207
251208
251209
251210
251212
251216
251217
251222
251225
251226
251229
251231
251232
251234
251236
251237
251239
251243
251245
251248
251249
251250
251252
251255
251256
251257
251261
251263
251266
251269
251272
251273
251274
251275
251278
251280
251281
251290
251291
251295
251297
251300
251302
251303
251304
251307
251312
251313
251315
251316
251323
251324
251326
251327
251331
251333
251336
251339
251344
251345
251346
251348
251350
251351
251352
251357
251358
251359
251360
251361
251362
251363
251364
251368
251369
251370
251373
251374
251377
251379
251382
251384
251386
251387
251389
251391
251394
251395
251400
251401
251402
251403
251405
251406
251407
251408
251409
251412
251413
251414
251418
251420
251422
251424
251425
251427
251429
251430
251434
251436
251437
251438
251440
251441
251443
251447
251456
251462
251463
251466
251469
251474
251475
251476
251479
251480
251483
251484
251485
251486
251488
251492
251493
251495
251497
251499
251500
251501
251502
251505
251506
251510
251511
251514
251515
251517
251518
251519
251520
251521
251522
251523
251533
251534
251539
251540
251542
251551
251552
251556
251558
251560
251565
251569
251570
251572
251580
251586
251587
251590
251591
251592
251593
251595
251596
251600
251601
251602
251603
251604
251607
251610
251612
251613
251614
251615
251616
251617
251618
251619
251621
251625
251626
251627
251629
251630
251631
251633
251634
251637
251641
251642
251644
251645
251646
251647
251650
251651
251654
251655
251656
251657
251659
251665
251666
251667
251673
251678
251680
251681
251682
251684
251687
251688
251689
251690
251691
251693
251694
251697
251698
251699
251700
251702
251703
251704
251705
251707
251709
251713
251715
251717
251719
251720
251723
251725
251726
251727
251728
251729
251731
251732
251737
251739
251740
251741
251742
251744
251746
251752
251753
251755
251757
251760
251761
251762
251763
251765
251766
251767
251769
251770
251771
251773
251775
251776
251777
251781
251783
251787
251788
251790
251791
251792
251796
251798
251801
251804
251805
251808
251812
251813
251816
251819
251821
251824
251825
251826
251827
251829
251830
251831
251835
251837
251838
251841
251847
251848
251852
251853
251855
251857
251861
251862
251863
251866
251867
251868
251869
251871
251872
251879
251880
251881
251884
251887
251889
251891
251893
251894
251896
251897
251899
251901
251903
251904
251907
251908
251912
251913
251916
251919
251920
251924
251928
251930
251931
251932
251936
251938
251939
251941
251943
251946
251949
251950
251954
251955
251956
251958
251959
251962
251963
251965
251967
251971
251972
251976
251977
251978
251979
251980
251981
251982
251984
251988
251989
251993
251995
251997
251998
252000
252001
252002
252003
252009
252010
252011
252014
252016
252017
252019
252020
252022
252025
252027
252029
252030
252031
252032
252034
252042
252044
252047
252050
252053
252054
252059
252060
252062
252069
252075
252076
252078
252082
252083
252084
252087
252088
252089
252090
252092
252093
252094
252096
252099
252100
252103
252105
252106
252109
252110
252111
252112
252114
252116
252117
252118
252119
252122
252123
252126
252127
252128
252130
252131
252137
252138
252139
252142
252143
252144
252147
252148
252149
252150
252151
252153
252154
252156
252158
252160
252161
252163
252164
252165
252166
252167
252170
252171
252172
252174
252175
252178
252179
252181
252182
252184
252186
252188
252192
252193
252194
252198
252199
252200
252202
252203
252204
252205
252208
252213
252221
252222
252224
252228
252229
252230
252232
252233
252234
252235
252236
252237
252239
252240
252241
252242
252243
252246
252247
252248
252250
252251
252254
252262
252263
252264
252265
252266
252267
252268
252270
252273
252276
252282
252284
252285
252286
252289
252291
252292
252293
252294
252295
252298
252299
252301
252303
252306
252307
252308
252311
252312
252314
252318
252320
252321
252323
252326
252328
252329
252330
252332
252333
252334
252336
252338
252339
252340
252341
252342
252344
252345
252347
252349
252351
252352
252353
252354
252355
252357
252358
252360
252362
252364
252367
252369
252370
252371
252372
252373
252375
252376
252380
252384
252385
252387
252390
252395
252397
252398
252401
252402
252405
252406
252407
252411
252412
252414
252415
252416
252422
252423
252424
252427
252430
252431
252433
252434
252435
252441
252445
252446
252449
252452
252456
252457
252460
252461
252463
252464
252467
252468
252469
252470
252472
252475
252480
252482
252483
252484
252489
252490
252491
252492
252496
252497
252499
252500
252502
252503
252505
252506
252507
252508
252509
252513
252516
252517
252522
252525
252528
252532
252534
252537
252539
252540
252542
252543
252544
252545
252546
252548
252549
252550
252551
252552
252556
252558
252559
252562
252564
252565
252566
252567
252568
252571
252572
252573
252574
252577
252578
252579
252580
252582
252584
252585
252589
252590
252593
252594
252595
252596
252597
252598
252601
252602
252603
252604
252605
252606
252609
252610
252611
252613
252615
252616
252617
252618
252621
252623
252624
252625
252626
252627
252632
252635
252637
252638
252641
252643
252645
252646
252653
252654
252655
252656
252659
252660
252664
252665
252666
252667
252668
252669
252670
252671
252672
252674
252675
252678
252679
252681
252682
252683
252684
252685
252689
252691
252692
252693
252694
252695
252697
252698
252700
252702
252703
252705
252707
252711
252712
252714
252715
252718
252719
252721
252722
252723
252725
252726
252728
252731
252732
252733
252734
252738
252740
252745
252746
252747
252750
252751
252753
252755
252758
252759
252761
252763
252764
252765
252767
252772
252773
252777
252778
252780
252781
252783
252786
252787
252791
252792
252793
252794
252797
252798
252799
252800
252802
252803
252806
252807
252808
252809
252810
252811
252813
252819
252820
252821
252823
252824
252831
252833
252835
252837
252839
252840
252843
252848
252851
252852
252854
252859
252860
252861
252865
252871
252872
252873
252874
252876
252877
252878
252879
252880
252883
252884
252885
252888
252890
252892
252897
252900
252902
252903
252904
252906
252908
252909
252910
252911
252912
252914
252917
252918
252919
252921
252922
252923
252926
252927
252928
252929
252930
252931
252933
252935
252937
252938
252939
252940
252941
252943
252949
252950
252952
252953
252954
252955
252957
252963
252965
252967
252968
252969
252970
252971
252972
252977
252978
252981
252983
252984
252985
252986
252988
252989
252991
252992
252998
253000
253001
253002
253003
253005
253008
253009
253010
253011
253012
253015
253017
253025
253026
253027
253029
253030
253033
253036
253039
253040
253041
253042
253043
253046
253047
253050
253051
253052
253053
253055
253056
253057
253059
253060
253061
253062
253064
253065
253066
253067
253069
253070
253071
253073
253074
253075
253076
253080
253082
253083
253084
253088
253091
253093
253094
253097
253099
253102
253104
253107
253109
253110
253112
253114
253115
253116
253117
253120
253122
253123
253126
253128
253129
253130
253135
253138
253139
253141
253143
253144
253145
253148
253151
253153
253154
253155
253156
253157
253161
253163
253167
253168
253171
253175
253177
253178
253179
253181
253185
253191
253192
253193
253196
253198
253202
253203
253207
253208
253209
253210
253214
253215
253216
253218
253219
253220
253221
253222
253223
253224
253226
253229
253230
253231
253233
253235
253236
253237
253238
253239
253243
253244
253248
253249
253253
253254
253255
253256
253257
253258
253260
253261
253263
253265
253266
253268
253270
253271
253273
253275
253276
253277
253278
253280
253281
253282
253285
253286
253288
253291
253292
253293
253295
253298
253299
253301
253306
253308
253309
253310
253313
253316
253320
253321
253322
253323
253324
253325
253326
253329
253331
253333
253336
253339
253342
253343
253346
253348
253349
253350
253351
253352
253353
253354
253358
253360
253362
253364
253365
253366
253367
253368
253370
253371
253372
253373
253374
253375
253376
253378
253379
253381
253382
253383
253385
253389
253393
253396
253397
253398
253399
253404
253405
253408
253409
253411
253417
253420
253421
253423
253425
253427
253429
253431
253435
253436
253439
253441
253442
253443
253444
253445
253446
253447
253448
253450
253451
253453
253454
253457
253459
253460
253461
253462
253463
253465
253466
253467
253468
253469
253470
253471
253476
253479
253480
253481
253482
253489
253490
253491
253492
253493
253494
253495
253500
253502
253503
253504
253508
253509
253510
253511
253514
253516
253517
253518
253522
253527
253528
253529
253530
253531
253533
253534
253537
253538
253544
253546
253549
253552
253557
253558
253559
253560
253561
253562
253565
253566
253570
253572
253574
253576
253577
253579
253583
253586
253587
253589
253592
253593
253594
253595
253596
253602
253603
253604
253605
253609
253610
253611
253613
253614
253615
253617
253618
253620
253622
253626
253627
253628
253629
253631
253632
253633
253636
253639
253641
253643
253647
253648
253652
253654
253655
253656
253661
253662
253664
253665
253667
253669
253670
253675
253676
253678
253679
253682
253683
253685
253686
253688
253691
253693
253697
253698
253700
253702
253704
253707
253709
253711
253712
253714
253715
253716
253717
253720
253723
253724
253726
253729
253731
253733
253734
253735
253741
253743
253744
253746
253751
253752
253754
253756
253757
253758
253759
253760
253761
253762
253763
253765
253773
253774
253778
253779
253782
253783
253787
253790
253793
253794
253795
253797
253798
253799
253803
253804
253809
253816
253818
253819
253821
253823
253824
253826
253827
253830
253831
253832
253833
253834
253836
253838
253840
253842
253843
253845
253854
253856
253857
253862
253863
253864
253868
253870
253871
253874
253877
253878
253879
253884
253887
253888
253889
253890
253891
253893
253894
253896
253897
253899
253900
253901
253903
253904
253905
253906
253909
253910
253911
253912
253917
253919
253920
253923
253925
253926
253927
253928
253929
253930
253932
253933
253934
253936
253937
253938
253939
253940
253943
253944
253945
253949
253955
253956
253957
253958
253962
253964
253965
253966
253967
253968
253969
253970
253971
253973
253976
253978
253979
253982
253985
253988
253989
253990
253994
253996
253997
253998
254000
254008
254009
254010
254011
254013
254014
254018
254019
254021
254022
254023
254025
254027
254029
254033
254036
254040
254042
254043
254047
254051
254054
254058
254059
254060
254061
254064
254066
254070
254071
254072
254075
254076
254078
254079
254080
254082
254083
254084
254088
254092
254093
254095
254100
254103
254104
254105
254106
254107
254109
254112
254113
254114
254117
254118
254119
254120
254121
254123
254124
254125
254127
254128
254131
254132
254135
254137
254138
254140
254149
254152
254157
254158
254159
254163
254165
254168
254177
254178
254180
254181
254183
254186
254188
254189
254192
254198
254200
254204
254205
254206
254209
254210
254214
254221
254222
254224
254225
254232
254233
254235
254240
254241
254243
254244
254245
254246
254247
254248
254250
254251
254252
254253
254257
254258
254259
254261
254262
254263
254265
254266
254268
254269
254270
254271
254273
254274
254275
254278
254279
254280
254284
254286
254287
254292
254293
254299
254300
254302
254306
254308
254309
254310
254311
254313
254315
254317
254318
254319
254320
254321
254322
254324
254329
254330
254332
254334
254339
254340
254342
254344
254348
254351
254352
254353
254358
254359
254362
254363
254364
254366
254376
254379
254381
254382
254384
254387
254390
254391
254395
254399
254401
254407
254408
254412
254413
254416
254417
254423
254425
254428
254431
254433
254435
254436
254438
254439
254440
254441
254442
254444
254447
254448
254454
254458
254459
254464
254470
254471
254472
254475
254481
254483
254484
254485
254486
254487
254488
254489
254491
254492
254493
254494
254495
254498
254504
254505
254506
254507
254509
254510
254511
254512
254513
254515
254517
254518
254522
254523
254524
254525
254527
254529
254530
254531
254538
254539
254540
254542
254548
254549
254551
254552
254553
254555
254556
254557
254560
254561
254563
254565
254568
254571
254572
254573
254575
254580
254581
254583
254584
254587
254590
254591
254595
254600
254601
254605
254606
254607
254608
254609
254610
254614
254616
254618
254621
254622
254623
254626
254627
254628
254629
254632
254635
254637
254639
254640
254645
254648
254650
254655
254657
254658
254659
254660
254668
254669
254672
254674
254675
254676
254677
254678
254680
254681
254682
254683
254684
254687
254688
254689
254691
254692
254694
254695
254696
254697
254699
254701
254704
254705
254707
254708
254709
254716
254717
254718
254720
254721
254725
254726
254727
254728
254729
254731
254733
254738
254740
254741
254748
254749
254750
254753
254754
254757
254759
254760
254762
254765
254766
254768
254772
254778
254779
254780
254781
254782
254783
254785
254786
254789
254791
254795
254797
254798
254800
254803
254804
254806
254809
254811
254812
254813
254815
254820
254821
254822
254823
254824
254831
254834
254836
254840
254841
254843
254844
254845
254846
254848
254850
254853
254865
254868
254869
254871
254872
254876
254878
254879
254881
254883
254884
254887
254888
254889
254890
254895
254897
254903
254905
254906
254910
254911
254913
254917
254918
254920
254921
254923
254924
254925
254928
254929
254930
254935
254937
254942
254943
254944
254946
254950
254953
254955
254956
254957
254960
254962
254964
254965
254969
254971
254975
254977
254981
254983
254984
254985
254986
254987
254988
254992
254993
254998
254999
255000
255002
255003
255005
255007
255009
255012
255013
255016
255017
255020
255022
255023
255029
255037
255039
255040
255041
255043
255045
255050
255051
255052
255054
255055
255059
255061
255065
255068
255069
255070
255072
255074
255075
255079
255081
255082
255083
255084
255085
255091
255096
255100
255101
255103
255104
255105
255108
255111
255113
255114
255118
255120
255121
255122
255123
255125
255127
255128
255132
255134
255136
255140
255145
255147
255151
255152
255153
255158
255162
255165
255172
255175
255176
255177
255181
255182
255185
255186
255187
255190
255192
255196
255199
255205
255208
255210
255214
255216
255223
255228
255232
255233
255234
255235
255236
255237
255239
255244
255247
255248
255249
255252
255255
255259
255261
255269
255270
255271
255273
255274
255276
255277
255279
255280
255282
255283
255285
255286
255290
255291
255293
255294
255295
255298
255299
255303
255305
255308
255312
255313
255316
255318
255320
255321
255322
255323
255325
255327
255329
255330
255331
255332
255334
255335
255336
255339
255340
255342
255349
255353
255354
255361
255363
255364
255367
255369
255372
255373
255379
255381
255382
255386
255388
255389
255391
255392
255394
255395
255396
255397
255398
255400
255402
255404
255405
255409
255410
255413
255415
255418
255419
255421
255426
255427
255429
255430
255432
255436
255439
255441
255442
255444
255445
255446
255449
255451
255452
255453
255455
255458
255471
255473
255474
255477
255478
255480
255486
255487
255489
255490
255492
255494
255495
255496
255497
255498
255502
255505
255509
255510
255512
255513
255515
255516
255518
255519
255520
255521
255527
255531
255532
255533
255535
255536
255538
255539
255541
255543
255546
255547
255548
255550
255553
255554
255555
255560
255562
255563
255565
255566
255567
255569
255570
255572
255573
255576
255578
255585
255587
255588
255589
255591
255593
255596
255597
255600
255601
255602
255603
255604
255605
255606
255610
255611
255613
255614
255616
255617
255619
255620
255621
255622
255623
255625
255626
255628
255629
255630
255631
255633
255634
255636
255638
255639
255640
255643
255645
255647
255648
255650
255654
255656
255658
255662
255663
255665
255666
255668
255669
255671
255672
255675
255676
255677
255680
255681
255682
255683
255686
255690
255693
255694
255697
255698
255704
255709
255710
255711
255713
255714
255718
255722
255723
255724
255728
255729
255730
255735
255738
255740
255744
255745
255747
255748
255749
255750
255754
255755
255756
255759
255760
255761
255765
255766
255768
255771
255772
255774
255776
255777
255778
255779
255783
255787
255790
255791
255792
255793
255795
255797
255800
255803
255804
255805
255806
255808
255811
255814
255815
255816
255817
255819
255820
255821
255825
255827
255828
255829
255831
255832
255833
255834
255837
255838
255839
255843
255846
255847
255849
255850
255851
255854
255856
255857
255862
255863
255865
255866
255867
255869
255870
255872
255873
255875
255876
255877
255882
255884
255885
255886
255887
255889
255890
255891
255892
255893
255894
255895
255896
255897
255900
255904
255905
255907
255909
255910
255911
255914
255915
255917
255918
255919
255920
255924
255925
255926
255931
255933
255934
255939
255942
255944
255945
255946
255948
255949
255951
255954
255957
255960
255961
255962
255966
255967
255968
255972
255973
255974
255975
255979
255980
255981
255982
255983
255987
255991
255996
255998
255999
256001
256007
256008
256009
256010
256012
256014
256016
256017
256019
256020
256021
256024
256026
256029
256034
256036
256040
256043
256046
256047
256049
256050
256052
256054
256056
256057
256059
256062
256063
256064
256067
256069
256070
256072
256073
256075
256076
256077
256080
256081
256082
256083
256084
256085
256086
256088
256089
256091
256097
256098
256099
256104
256105
256108
256110
256112
256113
256114
256116
256117
256119
256120
256123
256124
256128
256131
256134
256136
256137
256140
256144
256149
256151
256154
256160
256165
256173
256176
256180
256182
256183
256184
256192
256193
256196
256201
256204
256205
256206
256209
256212
256220
256221
256223
256224
256226
256227
256229
256230
256236
256238
256239
256244
256249
256251
256253
256254
256256
256260
256262
256264
256265
256266
256269
256278
256280
256281
256285
256286
256297
256299
256300
256302
256312
256314
256316
256320
256323
256326
256332
256333
256334
256340
256341
256345
256346
256348
256350
256352
256356
256359
256360
256361
256363
256367
256368
256369
256370
256371
256372
256379
256380
256381
256383
256389
256394
256396
256397
256398
256403
256404
256405
256408
256411
256413
256414
256420
256422
256424
256429
256430
256431
256432
256433
256434
256436
256439
256450
256452
256456
256457
256458
256461
256462
256467
256468
256469
256470
256473
256474
256476
256477
256479
256483
256484
256485
256486
256488
256490
256491
256497
256499
256504
256505
256509
256513
256515
256516
256518
256519
256521
256522
256525
256527
256528
256531
256532
256533
256534
256536
256539
256547
256549
256551
256552
256553
256558
256562
256565
256567
256568
256570
256571
256577
256579
256580
256582
256586
256587
256592
256597
256598
256600
256603
256605
256606
256608
256609
256610
256611
256612
256615
256619
256620
256621
256622
256623
256624
256625
256626
256627
256628
256630
256631
256632
256633
256634
256635
256636
256637
256642
256645
256648
256650
256652
256654
256657
256660
256662
256665
256668
256669
256671
256674
256677
256679
256681
256684
256685
256686
256688
256690
256692
256693
256696
256707
256708
256715
256718
256719
256720
256722
256724
256725
256729
256730
256737
256739
256740
256741
256742
256743
256744
256745
256746
256747
256750
256756
256757
256761
256764
256769
256770
256771
256772
256773
256775
256777
256783
256784
256787
256790
256791
256792
256795
256797
256800
256801
256802
256803
256804
256808
256809
256810
256811
256813
256814
256816
256821
256822
256824
256825
256828
256832
256833
256835
256836
256837
256841
256843
256845
256847
256850
256852
256854
256856
256857
256860
256862
256865
256866
256867
256868
256873
256875
256876
256877
256878
256879
256880
256881
256883
256888
256893
256894
256896
256897
256899
256900
256902
256904
256905
256907
256911
256912
256914
256915
256918
256919
256920
256921
256922
256923
256925
256926
256927
256930
256932
256933
256934
256935
256937
256939
256940
256941
256942
256946
256947
256950
256951
256952
256954
256957
256958
256960
256962
256964
256966
256968
256970
256972
256973
256974
256977
256978
256984
256986
256987
256988
256989
256991
256992
256993
256994
256995
256996
256997
257000
257001
257002
257003
257006
257008
257009
257010
257017
257018
257019
257020
257022
257023
257024
257025
257029
257032
257033
257038
257040
257042
257045
257049
257052
257054
257056
257057
257060
257061
257062
257063
257065
257066
257071
257073
257080
257085
257086
257087
257088
257089
257090
257093
257095
257097
257099
257100
257102
257105
257107
257111
257113
257114
257116
257119
257120
257123
257124
257125
257126
257134
257135
257138
257141
257142
257143
257144
257147
257148
257149
257150
257153
257154
257155
257158
257159
257162
257163
257169
257170
257171
257172
257173
257178
257179
257184
257187
257189
257192
257193
257195
257196
257197
257199
257200
257204
257207
257208
257210
257211
257214
257215
257216
257218
257224
257226
257228
257229
257232
257234
257235
257236
257237
257238
257239
257240
257241
257246
257249
257250
257254
257255
257256
257259
257264
257265
257270
257273
257274
257275
257276
257277
257284
257285
257287
257289
257292
257294
257295
257297
257300
257301
257302
257303
257304
257308
257309
257311
257313
257314
257315
257316
257317
257323
257324
257325
257328
257331
257334
257335
257336
257337
257338
257341
257344
257346
257348
257349
257350
257351
257352
257353
257354
257356
257359
257360
257361
257364
257365
257368
257369
257370
257371
257373
257374
257375
257376
257377
257380
257385
257390
257391
257392
257393
257396
257398
257406
257409
257410
257414
257416
257417
257419
257423
257424
257427
257434
257440
257441
257446
257447
257451
257453
257455
257456
257459
257464
257465
257466
257468
257469
257470
257472
257476
257477
257482
257483
257484
257486
257488
257494
257496
257497
257498
257499
257500
257504
257508
257510
257513
257515
257517
257518
257520
257522
257524
257528
257531
257532
257534
257535
257536
257537
257540
257543
257546
257547
257548
257552
257555
257558
257561
257563
257567
257568
257569
257571
257573
257574
257576
257578
257580
257581
257582
257584
257585
257587
257588
257591
257596
257597
257600
257603
257605
257607
257608
257611
257614
257616
257618
257620
257621
257622
257625
257628
257629
257630
257634
257639
257640
257643
257645
257646
257648
257651
257653
257654
257658
257659
257662
257664
257665
257668
257669
257670
257671
257672
257674
257676
257677
257678
257680
257683
257686
257694
257695
257699
257702
257704
257706
257707
257710
257711
257718
257720
257722
257723
257724
257728
257730
257731
257733
257734
257736
257737
257739
257742
257745
257746
257749
257750
257751
257756
257757
257761
257763
257765
257771
257772
257776
257778
257779
257780
257781
257782
257783
257784
257786
257788
257791
257792
257793
257794
257795
257798
257800
257802
257803
257805
257807
257808
257811
257812
257814
257815
257816
257817
257818
257821
257822
257823
257828
257831
257832
257833
257834
257836
257840
257841
257851
257853
257855
257856
257857
257858
257859
257861
257864
257867
257869
257870
257871
257872
257877
257878
257879
257881
257890
257895
257899
257901
257902
257905
257907
257910
257913
257916
257917
257918
257921
257922
257923
257924
257927
257931
257932
257936
257937
257940
257944
257947
257950
257951
257954
257956
257957
257958
257959
257964
257967
257969
257970
257971
257975
257976
257978
257981
257982
257983
257984
257988
257989
257991
257995
257998
257999
258001
258002
258005
258006
258010
258011
258013
258016
258017
258020
258021
258023
258026
258029
258030
258031
258033
258035
258038
258039
258040
258041
258045
258047
258048
258052
258053
258055
258057
258060
258064
258066
258067
258068
258070
258071
258074
258075
258076
258077
258080
258081
258085
258088
258089
258090
258091
258092
258097
258101
258102
258104
258105
258109
258110
258111
258112
258114
258116
258117
258120
258121
258123
258125
258127
258129
258130
258131
258132
258133
258135
258136
258138
258139
258143
258146
258150
258155
258157
258161
258166
258167
258168
258170
258171
258173
258174
258176
258180
258181
258182
258184
258189
258190
258191
258196
258198
258199
258200
258201
258203
258206
258209
258210
258212
258213
258216
258218
258219
258220
258221
258222
258226
258227
258228
258229
258231
258232
258234
258235
258236
258240
258243
258245
258247
258251
258252
258255
258256
258259
258263
258264
258265
258266
258271
258272
258274
258276
258277
258278
258279
258281
258283
258285
258290
258292
258294
258296
258304
258310
258314
258315
258318
258319
258322
258323
258325
258326
258327
258330
258331
258335
258336
258338
258341
258342
258345
258346
258347
258350
258353
258356
258361
258368
258369
258370
258372
258373
258377
258378
258380
258382
258383
258384
258388
258389
258393
258395
258396
258397
258399
258401
258402
258403
258407
258408
258409
258412
258416
258420
258422
258424
258425
258426
258428
258429
258430
258434
258436
258438
258439
258440
258443
258449
258450
258451
258452
258453
258455
258459
258463
258464
258465
258466
258468
258469
258470
258472
258473
258476
258477
258478
258479
258480
258481
258482
258485
258490
258491
258492
258495
258496
258498
258500
258503
258506
258508
258509
258516
258518
258521
258523
258524
258525
258529
258530
258531
258532
258533
258536
258538
258539
258540
258541
258543
258544
258551
258552
258555
258556
258557
258558
258559
258563
258564
258565
258567
258569
258573
258574
258576
258579
258581
258583
258585
258587
258590
258591
258592
258593
258598
258601
258607
258609
258610
258612
258613
258615
258616
258618
258620
258621
258622
258623
258625
258626
258629
258630
258631
258642
258647
258650
258652
258655
258664
258667
258668
258670
258674
258676
258679
258682
258684
258687
258688
258690
258692
258693
258697
258698
258699
258701
258704
258706
258709
258710
258712
258714
258716
258719
258721
258722
258724
258726
258727
258729
258731
258732
258733
258734
258735
258736
258738
258739
258741
258743
258749
258755
258756
258758
258759
258760
258765
258767
258771
258775
258776
258780
258781
258782
258783
258784
258785
258786
258787
258788
258790
258792
258793
258795
258796
258798
258802
258803
258804
258805
258806
258807
258809
258810
258814
258815
258817
258819
258820
258821
258822
258823
258824
258825
258827
258828
258829
258831
258832
258834
258837
258839
258840
258841
258845
258846
258847
258849
258851
258858
258859
258863
258864
258867
258868
258872
258873
258875
258876
258877
258878
258880
258882
258883
258884
258886
258887
258891
258895
258897
258898
258899
258902
258905
258908
258909
258910
258913
258914
258918
258923
258925
258928
258932
258933
258935
258937
258939
258940
258941
258942
258943
258946
258950
258951
258953
258954
258956
258958
258961
258962
258963
258966
258967
258969
258970
258971
258972
258973
258976
258978
258979
258980
258982
258984
258985
258988
258991
258995
258998
258999
259000
259001
259003
259005
259006
259013
259014
259016
259019
259020
259022
259023
259024
259025
259027
259028
259030
259032
259036
259037
259039
259040
259042
259043
259046
259048
259049
259051
259052
259053
259054
259057
259059
259061
259063
259066
259068
259069
259072
259073
259074
259077
259078
259080
259081
259083
259084
259085
259086
259088
259089
259090
259091
259092
259093
259096
259097
259099
259100
259101
259104
259106
259110
259111
259114
259122
259125
259130
259132
259133
259134
259135
259136
259138
259139
259141
259142
259143
259145
259147
259148
259149
259150
259151
259152
259153
259156
259158
259159
259161
259162
259163
259167
259173
259174
259176
259178
259179
259180
259186
259187
259188
259194
259195
259197
259198
259201
259207
259208
259210
259211
259214
259216
259221
259222
259223
259225
259227
259233
259238
259239
259240
259241
259242
259245
259249
259251
259252
259253
259254
259259
259262
259267
259268
259269
259273
259274
259275
259279
259281
259283
259284
259286
259287
259291
259292
259295
259299
259302
259304
259305
259308
259311
259313
259314
259315
259318
259319
259325
259327
259329
259330
259332
259333
259336
259337
259340
259342
259343
259345
259346
259349
259352
259360
259362
259363
259365
259366
259367
259368
259371
259374
259376
259381
259382
259390
259401
259403
259404
259406
259409
259410
259411
259412
259413
259414
259415
259416
259419
259424
259430
259434
259437
259438
259441
259442
259444
259445
259449
259450
259451
259452
259459
259461
259462
259463
259464
259465
259468
259469
259470
259471
259473
259474
259476
259477
259481
259484
259485
259486
259487
259488
259489
259490
259492
259496
259497
259504
259505
259506
259510
259512
259513
259514
259515
259518
259519
259520
259522
259523
259525
259529
259530
259531
259532
259533
259535
259536
259542
259543
259547
259548
259550
259551
259552
259553
259554
259556
259557
259561
259563
259567
259570
259571
259572
259576
259578
259579
259580
259582
259583
259584
259585
259589
259590
259592
259593
259595
259597
259601
259605
259606
259607
259610
259611
259612
259614
259616
259617
259618
259620
259625
259628
259629
259630
259634
259636
259637
259639
259641
259644
259646
259647
259649
259650
259651
259657
259658
259659
259660
259661
259663
259666
259668
259670
259677
259680
259681
259682
259685
259687
259692
259694
259696
259698
259700
259701
259702
259703
259704
259706
259709
259711
259712
259714
259715
259717
259718
259719
259720
259721
259722
259724
259727
259728
259731
259732
259733
259734
259735
259736
259738
259739
259740
259742
259744
259746
259747
259749
259754
259760
259762
259764
259765
259767
259768
259769
259776
259780
259781
259783
259785
259787
259788
259791
259794
259796
259799
259804
259805
259806
259807
259808
259809
259810
259811
259814
259815
259817
259820
259822
259823
259826
259829
259830
259831
259832
259833
259834
259835
259836
259837
259840
259842
259847
259848
259849
259851
259852
259854
259856
259857
259859
259861
259863
259864
259866
259867
259873
259874
259877
259878
259879
259883
259885
259886
259888
259892
259893
259894
259895
259897
259899
259902
259903
259904
259905
259906
259907
259909
259911
259913
259914
259915
259916
259917
259918
259919
259920
259921
259923
259925
259927
259929
259930
259932
259935
259939
259940
259941
259942
259943
259946
259947
259949
259951
259953
259954
259958
259961
259962
259968
259971
259973
259975
259976
259977
259978
259979
259980
259982
259984
259987
259989
259993
259994
260000
260001
260002
260003
260004
260006
260007
260008
260009
260012
260013
260014
260015
260017
260018
260020
260021
260022
260023
260027
260030
260032
260034
260036
260037
260039
260041
260043
260045
260048
260051
260052
260053
260056
260057
260060
260063
260065
260067
260068
260069
260070
260071
260072
260073
260075
260077
260082
260087
260088
260089
260091
260093
260094
260099
260101
260102
260107
260111
260113
260114
260115
260117
260120
260122
260125
260127
260129
260133
260135
260138
260141
260143
260145
260146
260147
260149
260150
260155
260159
260161
260162
260166
260167
260168
260170
260171
260172
260173
260174
260176
260178
260179
260180
260182
260183
260184
260187
260188
260189
260190
260194
260196
260199
260202
260206
260207
260208
260211
260213
260214
260216
260218
260222
260224
260226
260228
260229
260230
260235
260236
260237
260238
260240
260241
260245
260249
260250
260254
260255
260257
260259
260260
260261
260262
260263
260264
260265
260266
260267
260270
260271
260272
260273
260274
260279
260280
260281
260284
260287
260302
260303
260305
260306
260308
260309
260310
260311
260312
260313
260318
260319
260320
260321
260322
260327
260328
260329
260332
260336
260340
260342
260348
260349
260351
260353
260357
260361
260362
260363
260364
260365
260368
260369
260370
260371
260372
260373
260374
260378
260379
260380
260381
260382
260383
260389
260392
260394
260395
260398
260400
260402
260403
260404
260407
260408
260409
260411
260412
260414
260415
260417
260418
260420
260427
260429
260431
260434
260435
260436
260437
260440
260442
260449
260450
260452
260455
260456
260457
260458
260459
260461
260463
260466
260468
260469
260470
260471
260474
260475
260476
260478
260479
260480
260481
260485
260486
260490
260491
260504
260507
260510
260511
260512
260513
260515
260518
260520
260521
260523
260525
260527
260529
260530
260531
260533
260536
260537
260541
260542
260544
260545
260547
260548
260553
260554
260555
260559
260560
260561
260563
260569
260570
260571
260572
260574
260576
260577
260581
260582
260583
260585
260586
260590
260592
260593
260597
260600
260601
260604
260605
260606
260609
260611
260612
260613
260615
260616
260617
260623
260624
260626
260627
260629
260631
260633
260636
260637
260639
260640
260644
260647
260651
260652
260653
260659
260660
260661
260662
260664
260665
260667
260669
260670
260671
260674
260676
260680
260681
260683
260685
260689
260695
260697
260698
260699
260700
260703
260705
260708
260712
260713
260715
260717
260721
260722
260723
260725
260726
260727
260728
260729
260734
260735
260736
260737
260739
260742
260744
260745
260746
260747
260748
260749
260750
260751
260753
260755
260756
260757
260761
260763
260764
260766
260767
260769
260771
260772
260774
260776
260779
260780
260783
260784
260786
260787
260788
260792
260793
260796
260797
260800
260802
260804
260806
260807
260808
260810
260818
260819
260820
260822
260824
260825
260826
260827
260832
260834
260838
260840
260841
260842
260843
260844
260845
260847
260850
260852
260853
260854
260856
260860
260862
260863
260865
260866
260867
260872
260875
260877
260879
260881
260882
260884
260885
260888
260889
260890
260891
260893
260894
260897
260901
260902
260903
260904
260905
260910
260911
260916
260917
260918
260919
260920
260923
260924
260926
260930
260931
260932
260934
260939
260943
260946
260947
260955
260956
260957
260961
260963
260966
260967
260968
260970
260974
260975
260976
260983
260986
260987
260991
260992
260993
260994
260995
260996
260997
261002
261005
261006
261009
261010
261011
261013
261014
261015
261022
261023
261027
261030
261032
261034
261036
261038
261041
261043
261046
261048
261050
261051
261052
261057
261060
261064
261067
261069
261070
261074
261075
261078
261079
261082
261087
261088
261089
261090
261093
261095
261096
261099
261102
261103
261104
261107
261108
261116
261119
261120
261121
261122
261124
261125
261128
261129
261130
261131
261132
261133
261137
261139
261141
261145
261147
261148
261152
261154
261155
261156
261162
261165
261166
261167
261169
261170
261171
261172
261173
261174
261175
261176
261178
261180
261182
261189
261192
261193
261196
261203
261207
261210
261211
261213
261214
261216
261217
261218
261220
261221
261222
261224
261226
261227
261229
261230
261232
261235
261236
261238
261240
261244
261245
261246
261247
261250
261254
261257
261259
261261
261262
261263
261264
261265
261267
261270
261273
261277
261281
261283
261284
261285
261291
261292
261294
261295
261297
261302
261303
261312
261313
261314
261316
261317
261318
261320
261321
261324
261325
261327
261332
261335
261336
261337
261340
261341
261345
261347
261348
261350
261357
261358
261359
261360
261363
261364
261366
261370
261373
261374
261375
261380
261381
261383
261389
261392
261395
261396
261397
261399
261400
261401
261402
261404
261406
261410
261411
261412
261418
261419
261420
261421
261423
261424
261430
261432
261433
261436
261440
261442
261443
261445
261448
261451
261455
261459
261460
261462
261464
261467
261468
261469
261472
261476
261479
261481
261484
261486
261488
261489
261490
261491
261494
261497
261498
261499
261500
261502
261505
261506
261508
261509
261511
261512
261516
261517
261519
261522
261525
261532
261533
261539
261540
261543
261548
261550
261551
261556
261557
261559
261561
261563
261564
261565
261572
261574
261575
261576
261578
261580
261583
261585
261587
261590
261595
261597
261599
261601
261603
261605
261610
261612
261617
261618
261619
261621
261623
261626
261627
261629
261630
261631
261632
261637
261641
261642
261644
261648
261650
261651
261653
261658
261659
261660
261661
261662
261667
261670
261672
261675
261678
261679
261680
261681
261683
261684
261688
261690
261691
261692
261693
261694
261696
261702
261710
261714
261715
261723
261724
261725
261726
261728
261732
261735
261736
261737
261738
261739
261743
261745
261747
261749
261753
261754
261757
261760
261761
261764
261767
261770
261773
261774
261776
261778
261780
261786
261788
261790
261791
261793
261798
261799
261801
261802
261807
261808
261810
261814
261816
261817
261818
261821
261823
261824
261825
261826
261827
261830
261832
261833
261834
261837
261840
261842
261843
261845
261850
261854
261857
261859
261864
261865
261866
261872
261877
261879
261880
261881
261882
261885
261887
261889
261893
261896
261898
261899
261900
261901
261902
261904
261906
261908
261912
261913
261914
261916
261918
261927
261929
261930
261933
261934
261937
261940
261942
261946
261947
261949
261950
261953
261954
261958
261964
261965
261966
261967
261978
261979
261981
261986
261989
261990
261991
261992
261993
261996
262003
262006
262007
262010
262013
262014
262016
262019
262020
262022
262024
262026
262027
262029
262032
262036
262040
262041
262044
262051
262053
262057
262059
262066
262068
262070
262071
262072
262075
262078
262079
262080
262081
262082
262083
262085
262086
262087
262090
262093
262094
262095
262100
262101
262108
262110
262112
262113
262114
262117
262118
262119
262121
262122
262123
262124
262126
262128
262129
262130
262132
262133
262134
262135
262136
262137
262138
262140
262144
262149
262151
262154
262156
262159
262160
262161
262164
262166
262169
262173
262175
262177
262178
262179
262182
262183
262186
262187
262190
262191
262192
262197
262201
262204
262205
262207
262212
262213
262218
262219
262223
262224
262226
262229
262234
262235
262236
262240
262241
262244
262245
262248
262249
262250
262251
262254
262256
262258
262259
262260
262261
262262
262265
262266
262267
262273
262274
262278
262280
262281
262284
262287
262288
262291
262292
262296
262297
262298
262299
262303
262305
262307
262309
262318
262319
262322
262323
262324
262325
262326
262327
262328
262329
262331
262332
262334
262336
262337
262339
262340
262344
262345
262348
262349
262351
262352
262353
262354
262360
262361
262362
262363
262365
262368
262369
262370
262373
262374
262376
262378
262379
262381
262383
262384
262386
262390
262391
262392
262393
262398
262402
262403
262407
262408
262409
262410
262411
262415
262417
262418
262419
262423
262427
262429
262430
262431
262433
262434
262443
262444
262446
262449
262452
262453
262455
262457
262458
262459
262460
262461
262462
262463
262464
262465
262466
262467
262469
262473
262474
262475
262478
262481
262483
262487
262488
262489
262491
262492
262493
262497
262503
262504
262505
262508
262512
262514
262515
262517
262518
262520
262521
262522
262529
262532
262533
262534
262538
262539
262540
262541
262544
262545
262548
262552
262553
262556
262559
262560
262561
262563
262564
262566
262567
262568
262572
262576
262579
262581
262582
262583
262588
262591
262593
262595
262596
262598
262600
262601
262602
262607
262609
262612
262613
262614
262615
262618
262620
262625
262634
262635
262637
262640
262641
262643
262647
262649
262650
262652
262657
262662
262664
262667
262669
262671
262684
262685
262686
262688
262694
262696
262700
262701
262703
262704
262712
262715
262717
262718
262719
262720
262722
262727
262730
262731
262732
262734
262738
262739
262740
262743
262744
262745
262746
262749
262750
262754
262755
262756
262759
262761
262763
262764
262766
262768
262771
262772
262773
262774
262776
262778
262780
262785
262786
262790
262791
262792
262793
262794
262795
262796
262797
262799
262803
262806
262807
262813
262814
262816
262817
262823
262825
262826
262827
262831
262835
262836
262837
262840
262842
262847
262854
262855
262857
262860
262863
262864
262865
262866
262867
262868
262869
262870
262876
262877
262878
262882
262883
262884
262888
262889
262894
262896
262898
262899
262902
262903
262905
262907
262908
262909
262911
262914
262915
262916
262918
262919
262922
262924
262925
262927
262928
262929
262934
262935
262938
262940
262941
262945
262947
262949
262955
262956
262958
262960
262966
262967
262970
262971
262972
262973
262975
262977
262979
262981
262982
262985
262986
262988
262989
262990
262991
262992
262993
262995
262999
263000
263001
263002
263003
263008
263009
263013
263018
263020
263021
263029
263030
263031
263035
263043
263045
263046
263048
263049
263050
263052
263058
263060
263062
263063
263064
263066
263068
263069
263070
263071
263072
263073
263075
263076
263078
263079
263080
263082
263084
263085
263087
263088
263090
263092
263093
263095
263096
263099
263100
263101
263102
263105
263109
263112
263113
263114
263118
263119
263120
263121
263129
263130
263131
263133
263135
263136
263137
263139
263140
263143
263147
263150
263151
263154
263157
263158
263161
263163
263165
263166
263169
263172
263173
263174
263176
263177
263178
263181
263182
263185
263188
263190
263191
263192
263194
263195
263196
263200
263204
263206
263210
263211
263213
263216
263217
263219
263221
263222
263224
263229
263230
263231
263232
263234
263235
263237
263238
263247
263248
263249
263250
263251
263252
263254
263255
263257
263261
263262
263263
263265
263267
263268
263270
263273
263274
263276
263279
263283
263289
263290
263293
263294
263295
263296
263298
263300
263301
263302
263303
263304
263305
263309
263311
263312
263314
263316
263317
263319
263320
263321
263322
263323
263324
263325
263327
263333
263334
263341
263342
263343
263344
263346
263349
263351
263352
263356
263357
263358
263360
263361
263364
263365
263366
263367
263369
263370
263371
263373
263375
263377
263379
263381
263382
263383
263386
263388
263391
263393
263394
263398
263399
263402
263405
263406
263407
263410
263413
263417
263418
263421
263424
263425
263426
263429
263430
263433
263434
263437
263438
263439
263440
263446
263447
263453
263457
263458
263459
263464
263465
263466
263467
263468
263470
263472
263474
263475
263481
263483
263485
263488
263489
263490
263492
263493
263494
263495
263496
263497
263501
263514
263516
263518
263519
263522
263523
263525
263527
263528
263530
263531
263532
263540
263542
263544
263545
263546
263547
263548
263549
263550
263552
263553
263554
263557
263559
263560
263561
263562
263563
263565
263568
263569
263573
263578
263579
263581
263582
263585
263587
263591
263593
263594
263595
263597
263598
263602
263603
263607
263608
263609
263615
263616
263617
263619
263622
263626
263628
263629
263633
263640
263641
263643
263644
263646
263650
263651
263654
263661
263663
263664
263665
263666
263667
263671
263678
263680
263681
263685
263687
263688
263689
263690
263691
263694
263695
263696
263697
263705
263706
263707
263709
263716
263721
263723
263724
263728
263730
263732
263733
263735
263737
263740
263741
263744
263745
263746
263747
263754
263756
263757
263758
263759
263760
263761
263762
263763
263764
263770
263772
263775
263776
263778
263780
263783
263785
263787
263788
263791
263799
263800
263801
263802
263807
263808
263809
263810
263813
263814
263815
263816
263819
263824
263825
263826
263828
263829
263835
263836
263838
263839
263844
263847
263848
263851
263854
263855
263856
263857
263863
263865
263868
263869
263870
263873
263876
263877
263878
263883
263884
263885
263890
263895
263899
263900
263903
263905
263909
263913
263914
263916
263921
263923
263926
263928
263930
263931
263932
263933
263935
263938
263941
263944
263945
263946
263947
263949
263953
263954
263955
263960
263962
263964
263966
263969
263970
263978
263979
263982
263983
263984
263985
263986
263988
263989
263992
263993
263997
263998
264001
264004
264005
264006
264008
264010
264011
264012
264015
264016
264020
264025
264027
264028
264029
264031
264032
264034
264037
264038
264040
264043
264048
264050
264051
264052
264053
264054
264055
264056
264057
264059
264065
264067
264069
264070
264071
264075
264079
264080
264081
264082
264083
264085
264088
264099
264100
264103
264107
264108
264111
264112
264116
264118
264119
264125
264132
264134
264135
264136
264145
264150
264152
264156
264162
264164
264165
264166
264175
264177
264178
264180
264181
264184
264185
264192
264194
264196
264199
264200
264201
264202
264207
264208
264210
264212
264219
264220
264222
264225
264232
264233
264237
264239
264246
264249
264256
264268
264271
264273
264276
264281
264293
264299
264300
264302
264308
264315
264318
264326
264327
264332
264335
264342
264343
264349
264352
264353
264355
264356
264359
264362
264364
264366
264379
264381
264382
264387
264389
264394
264396
264402
264406
264409
264412
264414
264421
264422
264436
264447
264453
264456
264457
264460
264464
264466
264471
264473
264478
264481
264486
264488
264490
264497
264499
264506
264510
264519
264520
264521
264522
264526
264528
264535
264541
264551
264552
264562
264565
264571
264574
264576
264594
264595
264605
264609
264614
264617
264620
264621
264624
264629
264632
264636
264638
264644
264649
264667
264670
264682
264683
264697
264698
264702
264708
264712
264722
264732
264743
264747
264763
264773
264784
264786
264790
264791
264796
264804
264819
264822
264823
264828
264834
264842
264846
264849
264856
264869
264871
264881
264883
264890
264891
264892
264896
264905
264910
264923
264926
264934
264940
264962
264963
264965
264967
264968
264977
